11,0,0,0,0,0,0,0,0,0,0,0
60,0,0,0,0,0,0,0,0,0,0,0
60,48,11,0,0,0,0,0,0,0,0,0
44,60,11,51,0,0,0,0,0,0,0,0
60,48,61,41,0,0,0,0,0,0,0,0
60,17,0,0,0,0,0,0,0,0,0,0
14,0,0,0,0,0,0,0,0,0,0,0
53,24,0,0,0,0,0,0,0,0,0,0
11,0,0,0,0,0,0,0,0,0,0,0
29,28,0,0,0,0,0,0,0,0,0,0
61,11,0,0,0,0,0,0,0,0,0,0
60,0,0,0,0,0,0,0,0,0,0,0
48,11,35,0,0,0,0,0,0,0,0,0
60,61,48,53,0,0,0,0,0,0,0,0
55,37,13,0,0,0,0,0,0,0,0,0
9,41,28,0,0,0,0,0,0,0,0,0
60,17,14,35,0,0,0,0,0,0,0,0
11,48,0,0,0,0,0,0,0,0,0,0
48,61,12,0,0,0,0,0,0,0,0,0
11,28,0,0,0,0,0,0,0,0,0,0
35,0,0,0,0,0,0,0,0,0,0,0
11,35,60,0,0,0,0,0,0,0,0,0
48,61,9,60,17,0,0,0,0,0,0,0
48,11,0,0,0,0,0,0,0,0,0,0
11,44,17,28,0,0,0,0,0,0,0,0
48,60,17,0,0,0,0,0,0,0,0,0
60,61,14,11,42,52,0,0,0,0,0,0
21,11,60,0,0,0,0,0,0,0,0,0
48,0,0,0,0,0,0,0,0,0,0,0
11,0,0,0,0,0,0,0,0,0,0,0
20,11,41,21,60,26,44,0,0,0,0,0
42,0,0,0,0,0,0,0,0,0,0,0
41,60,14,21,48,11,0,0,0,0,0,0
11,60,0,0,0,0,0,0,0,0,0,0
11,60,44,0,0,0,0,0,0,0,0,0
37,25,60,14,13,29,0,0,0,0,0,0
60,14,44,21,11,48,61,35,0,0,0,0
60,28,21,61,14,0,0,0,0,0,0,0
11,48,14,60,51,41,0,0,0,0,0,0
21,60,0,0,0,0,0,0,0,0,0,0
60,41,0,0,0,0,0,0,0,0,0,0
11,58,0,0,0,0,0,0,0,0,0,0
21,0,0,0,0,0,0,0,0,0,0,0
29,0,0,0,0,0,0,0,0,0,0,0
60,0,0,0,0,0,0,0,0,0,0,0
14,0,0,0,0,0,0,0,0,0,0,0
44,11,14,0,0,0,0,0,0,0,0,0
11,14,0,0,0,0,0,0,0,0,0,0
21,29,0,0,0,0,0,0,0,0,0,0
60,42,51,48,11,0,0,0,0,0,0,0
60,48,52,21,61,0,0,0,0,0,0,0
48,21,9,35,0,0,0,0,0,0,0,0
60,35,0,0,0,0,0,0,0,0,0,0
11,60,0,0,0,0,0,0,0,0,0,0
48,35,0,0,0,0,0,0,0,0,0,0
11,60,21,35,61,0,0,0,0,0,0,0
11,21,30,29,2,0,0,0,0,0,0,0
11,48,21,0,0,0,0,0,0,0,0,0
60,0,0,0,0,0,0,0,0,0,0,0
60,0,0,0,0,0,0,0,0,0,0,0
11,51,0,0,0,0,0,0,0,0,0,0
44,61,0,0,0,0,0,0,0,0,0,0
11,0,0,0,0,0,0,0,0,0,0,0
48,11,61,0,0,0,0,0,0,0,0,0
12,0,0,0,0,0,0,0,0,0,0,0
57,61,0,0,0,0,0,0,0,0,0,0
17,60,29,0,0,0,0,0,0,0,0,0
48,42,0,0,0,0,0,0,0,0,0,0
61,60,0,0,0,0,0,0,0,0,0,0
38,11,0,0,0,0,0,0,0,0,0,0
60,48,61,35,11,28,0,0,0,0,0,0
60,48,42,61,0,0,0,0,0,0,0,0
37,0,0,0,0,0,0,0,0,0,0,0
60,0,0,0,0,0,0,0,0,0,0,0
60,61,0,0,0,0,0,0,0,0,0,0
60,0,0,0,0,0,0,0,0,0,0,0
21,35,0,0,0,0,0,0,0,0,0,0
11,60,0,0,0,0,0,0,0,0,0,0
17,60,0,0,0,0,0,0,0,0,0,0
60,18,11,0,0,0,0,0,0,0,0,0
60,11,0,0,0,0,0,0,0,0,0,0
35,53,0,0,0,0,0,0,0,0,0,0
48,12,60,0,0,0,0,0,0,0,0,0
3,11,60,42,61,48,0,0,0,0,0,0
11,48,0,0,0,0,0,0,0,0,0,0
61,11,28,17,0,0,0,0,0,0,0,0
35,53,0,0,0,0,0,0,0,0,0,0
11,60,0,0,0,0,0,0,0,0,0,0
18,48,57,60,11,41,53,0,0,0,0,0
60,25,13,11,0,0,0,0,0,0,0,0
48,52,0,0,0,0,0,0,0,0,0,0
11,60,41,28,0,0,0,0,0,0,0,0
61,11,0,0,0,0,0,0,0,0,0,0
48,60,61,53,41,11,57,4,35,0,0,0
18,48,21,11,0,0,0,0,0,0,0,0
35,51,61,48,0,0,0,0,0,0,0,0
42,0,0,0,0,0,0,0,0,0,0,0
9,48,0,0,0,0,0,0,0,0,0,0
55,60,21,0,0,0,0,0,0,0,0,0
11,60,29,0,0,0,0,0,0,0,0,0
60,0,0,0,0,0,0,0,0,0,0,0
61,0,0,0,0,0,0,0,0,0,0,0
60,24,0,0,0,0,0,0,0,0,0,0
60,61,0,0,0,0,0,0,0,0,0,0
11,9,60,0,0,0,0,0,0,0,0,0
21,48,35,60,0,0,0,0,0,0,0,0
4,48,38,57,0,0,0,0,0,0,0,0
11,48,35,0,0,0,0,0,0,0,0,0
11,60,48,0,0,0,0,0,0,0,0,0
48,38,0,0,0,0,0,0,0,0,0,0
11,48,35,42,0,0,0,0,0,0,0,0
3,0,0,0,0,0,0,0,0,0,0,0
60,11,0,0,0,0,0,0,0,0,0,0
11,48,21,0,0,0,0,0,0,0,0,0
60,11,61,41,21,48,0,0,0,0,0,0
60,11,48,61,57,29,0,0,0,0,0,0
60,35,11,0,0,0,0,0,0,0,0,0
48,35,60,11,0,0,0,0,0,0,0,0
11,51,60,0,0,0,0,0,0,0,0,0
21,60,11,0,0,0,0,0,0,0,0,0
21,0,0,0,0,0,0,0,0,0,0,0
11,0,0,0,0,0,0,0,0,0,0,0
13,0,0,0,0,0,0,0,0,0,0,0
35,49,11,0,0,0,0,0,0,0,0,0
29,60,0,0,0,0,0,0,0,0,0,0
11,49,48,63,0,0,0,0,0,0,0,0
17,60,48,31,0,0,0,0,0,0,0,0
11,60,0,0,0,0,0,0,0,0,0,0
37,25,0,0,0,0,0,0,0,0,0,0
21,0,0,0,0,0,0,0,0,0,0,0
48,51,35,11,3,60,0,0,0,0,0,0
48,60,0,0,0,0,0,0,0,0,0,0
60,35,48,16,11,9,0,0,0,0,0,0
51,48,21,0,0,0,0,0,0,0,0,0
48,0,0,0,0,0,0,0,0,0,0,0
11,48,38,0,0,0,0,0,0,0,0,0
14,21,0,0,0,0,0,0,0,0,0,0
60,61,48,11,53,35,0,0,0,0,0,0
9,0,0,0,0,0,0,0,0,0,0,0
48,60,4,61,52,38,0,0,0,0,0,0
60,9,0,0,0,0,0,0,0,0,0,0
28,0,0,0,0,0,0,0,0,0,0,0
60,48,0,0,0,0,0,0,0,0,0,0
48,51,0,0,0,0,0,0,0,0,0,0
14,0,0,0,0,0,0,0,0,0,0,0
11,22,0,0,0,0,0,0,0,0,0,0
60,11,20,44,14,0,0,0,0,0,0,0
48,52,60,4,28,11,9,53,0,0,0,0
35,60,0,0,0,0,0,0,0,0,0,0
48,60,11,38,62,0,0,0,0,0,0,0
13,60,25,0,0,0,0,0,0,0,0,0
21,14,25,11,60,37,0,0,0,0,0,0
61,35,0,0,0,0,0,0,0,0,0,0
60,0,0,0,0,0,0,0,0,0,0,0
48,0,0,0,0,0,0,0,0,0,0,0
11,9,12,53,35,42,29,61,0,0,0,0
48,0,0,0,0,0,0,0,0,0,0,0
9,12,11,0,0,0,0,0,0,0,0,0
60,58,14,0,0,0,0,0,0,0,0,0
60,48,51,0,0,0,0,0,0,0,0,0
48,0,0,0,0,0,0,0,0,0,0,0
60,21,2,0,0,0,0,0,0,0,0,0
11,51,0,0,0,0,0,0,0,0,0,0
11,48,0,0,0,0,0,0,0,0,0,0
48,4,11,60,41,3,51,0,0,0,0,0
17,0,0,0,0,0,0,0,0,0,0,0
18,11,0,0,0,0,0,0,0,0,0,0
14,21,0,0,0,0,0,0,0,0,0,0
11,41,60,28,0,0,0,0,0,0,0,0
11,3,60,14,2,21,61,0,0,0,0,0
61,9,48,60,0,0,0,0,0,0,0,0
61,18,0,0,0,0,0,0,0,0,0,0
60,0,0,0,0,0,0,0,0,0,0,0
11,0,0,0,0,0,0,0,0,0,0,0
11,48,18,60,0,0,0,0,0,0,0,0
60,7,0,0,0,0,0,0,0,0,0,0
11,9,0,0,0,0,0,0,0,0,0,0
28,60,11,0,0,0,0,0,0,0,0,0
48,60,0,0,0,0,0,0,0,0,0,0
60,14,17,48,28,0,0,0,0,0,0,0
9,60,0,0,0,0,0,0,0,0,0,0
60,61,38,53,0,0,0,0,0,0,0,0
26,0,0,0,0,0,0,0,0,0,0,0
60,0,0,0,0,0,0,0,0,0,0,0
11,60,52,48,21,0,0,0,0,0,0,0
14,60,52,48,0,0,0,0,0,0,0,0
60,37,18,61,35,0,0,0,0,0,0,0
48,4,60,0,0,0,0,0,0,0,0,0
11,0,0,0,0,0,0,0,0,0,0,0
55,0,0,0,0,0,0,0,0,0,0,0
29,44,0,0,0,0,0,0,0,0,0,0
60,14,0,0,0,0,0,0,0,0,0,0
25,60,48,11,0,0,0,0,0,0,0,0
11,44,0,0,0,0,0,0,0,0,0,0
60,28,11,0,0,0,0,0,0,0,0,0
35,0,0,0,0,0,0,0,0,0,0,0
48,60,53,3,0,0,0,0,0,0,0,0
37,61,25,11,43,0,0,0,0,0,0,0
35,11,0,0,0,0,0,0,0,0,0,0
38,48,0,0,0,0,0,0,0,0,0,0
60,35,0,0,0,0,0,0,0,0,0,0
60,11,48,0,0,0,0,0,0,0,0,0
11,60,35,62,0,0,0,0,0,0,0,0
28,0,0,0,0,0,0,0,0,0,0,0
60,11,0,0,0,0,0,0,0,0,0,0
58,0,0,0,0,0,0,0,0,0,0,0
21,52,0,0,0,0,0,0,0,0,0,0
48,60,1,0,0,0,0,0,0,0,0,0
53,0,0,0,0,0,0,0,0,0,0,0
11,0,0,0,0,0,0,0,0,0,0,0
60,53,35,52,0,0,0,0,0,0,0,0
60,0,0,0,0,0,0,0,0,0,0,0
3,0,0,0,0,0,0,0,0,0,0,0
48,60,38,50,0,0,0,0,0,0,0,0
11,60,0,0,0,0,0,0,0,0,0,0
60,0,0,0,0,0,0,0,0,0,0,0
13,48,0,0,0,0,0,0,0,0,0,0
61,0,0,0,0,0,0,0,0,0,0,0
4,48,53,0,0,0,0,0,0,0,0,0
17,0,0,0,0,0,0,0,0,0,0,0
60,0,0,0,0,0,0,0,0,0,0,0
60,11,21,0,0,0,0,0,0,0,0,0
43,11,0,0,0,0,0,0,0,0,0,0
48,60,0,0,0,0,0,0,0,0,0,0
35,0,0,0,0,0,0,0,0,0,0,0
60,0,0,0,0,0,0,0,0,0,0,0
60,61,0,0,0,0,0,0,0,0,0,0
35,0,0,0,0,0,0,0,0,0,0,0
48,21,60,11,0,0,0,0,0,0,0,0
11,0,0,0,0,0,0,0,0,0,0,0
3,48,35,11,0,0,0,0,0,0,0,0
11,0,0,0,0,0,0,0,0,0,0,0
14,44,61,21,0,0,0,0,0,0,0,0
35,48,60,28,29,38,61,41,0,0,0,0
48,11,61,60,35,0,0,0,0,0,0,0
48,18,11,60,28,0,0,0,0,0,0,0
60,0,0,0,0,0,0,0,0,0,0,0
60,3,2,48,0,0,0,0,0,0,0,0
48,0,0,0,0,0,0,0,0,0,0,0
28,48,0,0,0,0,0,0,0,0,0,0
21,60,0,0,0,0,0,0,0,0,0,0
11,41,0,0,0,0,0,0,0,0,0,0
35,0,0,0,0,0,0,0,0,0,0,0
11,48,42,0,0,0,0,0,0,0,0,0
35,18,48,11,0,0,0,0,0,0,0,0
51,48,60,53,11,28,35,3,0,0,0,0
14,11,58,0,0,0,0,0,0,0,0,0
42,14,61,11,0,0,0,0,0,0,0,0
48,35,26,60,41,0,0,0,0,0,0,0
11,41,0,0,0,0,0,0,0,0,0,0
11,0,0,0,0,0,0,0,0,0,0,0
48,51,0,0,0,0,0,0,0,0,0,0
60,21,26,0,0,0,0,0,0,0,0,0
35,12,60,0,0,0,0,0,0,0,0,0
60,0,0,0,0,0,0,0,0,0,0,0
21,60,0,0,0,0,0,0,0,0,0,0
60,48,12,0,0,0,0,0,0,0,0,0
48,0,0,0,0,0,0,0,0,0,0,0
21,11,58,0,0,0,0,0,0,0,0,0
29,0,0,0,0,0,0,0,0,0,0,0
31,25,0,0,0,0,0,0,0,0,0,0
11,31,60,0,0,0,0,0,0,0,0,0
60,3,41,52,48,0,0,0,0,0,0,0
60,0,0,0,0,0,0,0,0,0,0,0
11,60,0,0,0,0,0,0,0,0,0,0
11,58,48,17,0,0,0,0,0,0,0,0
35,0,0,0,0,0,0,0,0,0,0,0
48,60,14,35,42,3,0,0,0,0,0,0
60,0,0,0,0,0,0,0,0,0,0,0
42,0,0,0,0,0,0,0,0,0,0,0
61,0,0,0,0,0,0,0,0,0,0,0
53,48,61,0,0,0,0,0,0,0,0,0
60,0,0,0,0,0,0,0,0,0,0,0
11,0,0,0,0,0,0,0,0,0,0,0
60,48,0,0,0,0,0,0,0,0,0,0
48,0,0,0,0,0,0,0,0,0,0,0
48,0,0,0,0,0,0,0,0,0,0,0
51,0,0,0,0,0,0,0,0,0,0,0
42,11,0,0,0,0,0,0,0,0,0,0
11,51,9,0,0,0,0,0,0,0,0,0
48,0,0,0,0,0,0,0,0,0,0,0
11,21,0,0,0,0,0,0,0,0,0,0
48,61,0,0,0,0,0,0,0,0,0,0
35,28,0,0,0,0,0,0,0,0,0,0
61,48,42,60,14,0,0,0,0,0,0,0
60,2,0,0,0,0,0,0,0,0,0,0
61,60,48,11,28,0,0,0,0,0,0,0
11,0,0,0,0,0,0,0,0,0,0,0
48,0,0,0,0,0,0,0,0,0,0,0
29,11,0,0,0,0,0,0,0,0,0,0
61,41,48,60,0,0,0,0,0,0,0,0
11,18,0,0,0,0,0,0,0,0,0,0
48,61,11,28,42,60,0,0,0,0,0,0
60,11,21,0,0,0,0,0,0,0,0,0
60,0,0,0,0,0,0,0,0,0,0,0
61,48,60,0,0,0,0,0,0,0,0,0
4,11,60,53,48,0,0,0,0,0,0,0
60,0,0,0,0,0,0,0,0,0,0,0
37,0,0,0,0,0,0,0,0,0,0,0
9,60,35,48,0,0,0,0,0,0,0,0
14,25,29,58,37,0,0,0,0,0,0,0
20,0,0,0,0,0,0,0,0,0,0,0
11,35,0,0,0,0,0,0,0,0,0,0
11,17,42,0,0,0,0,0,0,0,0,0
55,48,0,0,0,0,0,0,0,0,0,0
11,14,25,0,0,0,0,0,0,0,0,0
37,0,0,0,0,0,0,0,0,0,0,0
55,0,0,0,0,0,0,0,0,0,0,0
11,48,0,0,0,0,0,0,0,0,0,0
55,60,37,13,21,0,0,0,0,0,0,0
60,0,0,0,0,0,0,0,0,0,0,0
11,48,21,60,49,0,0,0,0,0,0,0
37,55,60,14,29,0,0,0,0,0,0,0
48,53,11,0,0,0,0,0,0,0,0,0
11,14,60,0,0,0,0,0,0,0,0,0
25,14,0,0,0,0,0,0,0,0,0,0
60,0,0,0,0,0,0,0,0,0,0,0
21,61,0,0,0,0,0,0,0,0,0,0
21,11,14,0,0,0,0,0,0,0,0,0
11,37,46,55,25,0,0,0,0,0,0,0
55,14,0,0,0,0,0,0,0,0,0,0
14,0,0,0,0,0,0,0,0,0,0,0
11,0,0,0,0,0,0,0,0,0,0,0
14,11,25,0,0,0,0,0,0,0,0,0
11,0,0,0,0,0,0,0,0,0,0,0
53,0,0,0,0,0,0,0,0,0,0,0
60,63,0,0,0,0,0,0,0,0,0,0
11,20,0,0,0,0,0,0,0,0,0,0
31,11,29,0,0,0,0,0,0,0,0,0
11,0,0,0,0,0,0,0,0,0,0,0
11,0,0,0,0,0,0,0,0,0,0,0
60,0,0,0,0,0,0,0,0,0,0,0
14,58,29,11,60,44,0,0,0,0,0,0
25,60,37,13,21,58,55,34,0,0,0,0
13,11,0,0,0,0,0,0,0,0,0,0
11,38,0,0,0,0,0,0,0,0,0,0
25,0,0,0,0,0,0,0,0,0,0,0
21,58,25,0,0,0,0,0,0,0,0,0
11,60,0,0,0,0,0,0,0,0,0,0
58,0,0,0,0,0,0,0,0,0,0,0
58,0,0,0,0,0,0,0,0,0,0,0
60,0,0,0,0,0,0,0,0,0,0,0
37,58,25,43,0,0,0,0,0,0,0,0
42,55,58,0,0,0,0,0,0,0,0,0
48,21,14,49,42,0,0,0,0,0,0,0
60,0,0,0,0,0,0,0,0,0,0,0
14,55,31,0,0,0,0,0,0,0,0,0
25,21,0,0,0,0,0,0,0,0,0,0
20,0,0,0,0,0,0,0,0,0,0,0
55,11,14,0,0,0,0,0,0,0,0,0
11,48,0,0,0,0,0,0,0,0,0,0
21,25,60,41,29,0,0,0,0,0,0,0
60,0,0,0,0,0,0,0,0,0,0,0
11,14,60,0,0,0,0,0,0,0,0,0
3,0,0,0,0,0,0,0,0,0,0,0
42,28,21,9,0,0,0,0,0,0,0,0
48,0,0,0,0,0,0,0,0,0,0,0
60,28,4,0,0,0,0,0,0,0,0,0
21,35,60,48,0,0,0,0,0,0,0,0
48,28,0,0,0,0,0,0,0,0,0,0
48,0,0,0,0,0,0,0,0,0,0,0
60,0,0,0,0,0,0,0,0,0,0,0
21,0,0,0,0,0,0,0,0,0,0,0
48,60,20,0,0,0,0,0,0,0,0,0
48,4,28,0,0,0,0,0,0,0,0,0
60,56,4,48,0,0,0,0,0,0,0,0
4,20,0,0,0,0,0,0,0,0,0,0
48,0,0,0,0,0,0,0,0,0,0,0
48,35,60,57,0,0,0,0,0,0,0,0
41,60,0,0,0,0,0,0,0,0,0,0
60,21,0,0,0,0,0,0,0,0,0,0
52,48,0,0,0,0,0,0,0,0,0,0
61,60,11,41,0,0,0,0,0,0,0,0
11,60,0,0,0,0,0,0,0,0,0,0
60,35,21,11,0,0,0,0,0,0,0,0
29,49,48,60,0,0,0,0,0,0,0,0
11,60,0,0,0,0,0,0,0,0,0,0
11,49,0,0,0,0,0,0,0,0,0,0
11,14,59,49,0,0,0,0,0,0,0,0
48,60,11,24,0,0,0,0,0,0,0,0
41,0,0,0,0,0,0,0,0,0,0,0
53,48,35,60,11,0,0,0,0,0,0,0
24,51,35,48,0,0,0,0,0,0,0,0
48,27,0,0,0,0,0,0,0,0,0,0
60,35,28,24,48,0,0,0,0,0,0,0
48,11,61,0,0,0,0,0,0,0,0,0
42,11,14,48,0,0,0,0,0,0,0,0
11,60,0,0,0,0,0,0,0,0,0,0
9,60,0,0,0,0,0,0,0,0,0,0
48,0,0,0,0,0,0,0,0,0,0,0
48,14,61,11,4,0,0,0,0,0,0,0
11,0,0,0,0,0,0,0,0,0,0,0
48,41,0,0,0,0,0,0,0,0,0,0
11,14,28,61,0,0,0,0,0,0,0,0
11,0,0,0,0,0,0,0,0,0,0,0
60,21,61,0,0,0,0,0,0,0,0,0
11,60,29,0,0,0,0,0,0,0,0,0
12,0,0,0,0,0,0,0,0,0,0,0
11,60,0,0,0,0,0,0,0,0,0,0
29,48,0,0,0,0,0,0,0,0,0,0
11,51,48,0,0,0,0,0,0,0,0,0
42,60,0,0,0,0,0,0,0,0,0,0
48,28,3,17,0,0,0,0,0,0,0,0
21,11,0,0,0,0,0,0,0,0,0,0
11,60,0,0,0,0,0,0,0,0,0,0
28,48,0,0,0,0,0,0,0,0,0,0
11,60,0,0,0,0,0,0,0,0,0,0
21,18,59,17,51,42,0,0,0,0,0,0
17,11,0,0,0,0,0,0,0,0,0,0
11,0,0,0,0,0,0,0,0,0,0,0
61,0,0,0,0,0,0,0,0,0,0,0
21,8,11,42,0,0,0,0,0,0,0,0
11,60,0,0,0,0,0,0,0,0,0,0
48,60,0,0,0,0,0,0,0,0,0,0
48,60,0,0,0,0,0,0,0,0,0,0
48,9,51,35,0,0,0,0,0,0,0,0
11,60,0,0,0,0,0,0,0,0,0,0
44,0,0,0,0,0,0,0,0,0,0,0
60,11,14,0,0,0,0,0,0,0,0,0
48,35,0,0,0,0,0,0,0,0,0,0
60,11,35,48,17,0,0,0,0,0,0,0
13,37,0,0,0,0,0,0,0,0,0,0
18,49,17,0,0,0,0,0,0,0,0,0
48,11,60,21,35,0,0,0,0,0,0,0
51,28,48,0,0,0,0,0,0,0,0,0
60,0,0,0,0,0,0,0,0,0,0,0
28,60,0,0,0,0,0,0,0,0,0,0
60,0,0,0,0,0,0,0,0,0,0,0
48,11,0,0,0,0,0,0,0,0,0,0
11,61,53,0,0,0,0,0,0,0,0,0
61,41,10,53,42,0,0,0,0,0,0,0
48,0,0,0,0,0,0,0,0,0,0,0
11,51,60,38,0,0,0,0,0,0,0,0
21,11,0,0,0,0,0,0,0,0,0,0
53,60,41,0,0,0,0,0,0,0,0,0
51,48,11,42,0,0,0,0,0,0,0,0
9,51,0,0,0,0,0,0,0,0,0,0
58,0,0,0,0,0,0,0,0,0,0,0
60,48,7,61,0,0,0,0,0,0,0,0
11,0,0,0,0,0,0,0,0,0,0,0
51,0,0,0,0,0,0,0,0,0,0,0
60,48,51,0,0,0,0,0,0,0,0,0
48,9,24,60,18,0,0,0,0,0,0,0
9,11,0,0,0,0,0,0,0,0,0,0
18,60,0,0,0,0,0,0,0,0,0,0
9,0,0,0,0,0,0,0,0,0,0,0
42,0,0,0,0,0,0,0,0,0,0,0
42,48,61,0,0,0,0,0,0,0,0,0
51,11,0,0,0,0,0,0,0,0,0,0
38,48,60,61,17,41,0,0,0,0,0,0
53,60,50,0,0,0,0,0,0,0,0,0
60,14,0,0,0,0,0,0,0,0,0,0
51,60,42,0,0,0,0,0,0,0,0,0
61,60,0,0,0,0,0,0,0,0,0,0
48,0,0,0,0,0,0,0,0,0,0,0
60,21,11,14,35,61,0,0,0,0,0,0
19,44,11,21,60,0,0,0,0,0,0,0
48,35,11,53,4,0,0,0,0,0,0,0
44,11,28,0,0,0,0,0,0,0,0,0
9,51,12,11,0,0,0,0,0,0,0,0
60,35,11,48,61,28,0,0,0,0,0,0
48,61,12,60,0,0,0,0,0,0,0,0
60,0,0,0,0,0,0,0,0,0,0,0
60,0,0,0,0,0,0,0,0,0,0,0
61,48,11,41,0,0,0,0,0,0,0,0
11,0,0,0,0,0,0,0,0,0,0,0
11,61,0,0,0,0,0,0,0,0,0,0
35,60,0,0,0,0,0,0,0,0,0,0
17,48,0,0,0,0,0,0,0,0,0,0
48,0,0,0,0,0,0,0,0,0,0,0
3,25,2,0,0,0,0,0,0,0,0,0
60,0,0,0,0,0,0,0,0,0,0,0
11,0,0,0,0,0,0,0,0,0,0,0
28,17,0,0,0,0,0,0,0,0,0,0
11,48,12,0,0,0,0,0,0,0,0,0
60,48,11,28,61,35,17,0,0,0,0,0
3,48,21,35,11,60,9,0,0,0,0,0
48,60,14,11,0,0,0,0,0,0,0,0
60,0,0,0,0,0,0,0,0,0,0,0
48,9,11,38,0,0,0,0,0,0,0,0
11,51,17,60,20,12,0,0,0,0,0,0
21,60,55,0,0,0,0,0,0,0,0,0
11,0,0,0,0,0,0,0,0,0,0,0
14,21,11,0,0,0,0,0,0,0,0,0
51,0,0,0,0,0,0,0,0,0,0,0
9,11,0,0,0,0,0,0,0,0,0,0
60,61,48,35,0,0,0,0,0,0,0,0
60,57,11,61,0,0,0,0,0,0,0,0
35,0,0,0,0,0,0,0,0,0,0,0
60,0,0,0,0,0,0,0,0,0,0,0
60,0,0,0,0,0,0,0,0,0,0,0
60,21,0,0,0,0,0,0,0,0,0,0
24,21,11,35,0,0,0,0,0,0,0,0
11,60,48,0,0,0,0,0,0,0,0,0
11,17,42,0,0,0,0,0,0,0,0,0
60,11,0,0,0,0,0,0,0,0,0,0
42,0,0,0,0,0,0,0,0,0,0,0
60,0,0,0,0,0,0,0,0,0,0,0
35,28,11,0,0,0,0,0,0,0,0,0
60,0,0,0,0,0,0,0,0,0,0,0
17,60,0,0,0,0,0,0,0,0,0,0
11,0,0,0,0,0,0,0,0,0,0,0
14,11,0,0,0,0,0,0,0,0,0,0
28,11,60,0,0,0,0,0,0,0,0,0
11,9,60,0,0,0,0,0,0,0,0,0
11,60,30,51,14,0,0,0,0,0,0,0
60,0,0,0,0,0,0,0,0,0,0,0
11,0,0,0,0,0,0,0,0,0,0,0
60,11,0,0,0,0,0,0,0,0,0,0
60,0,0,0,0,0,0,0,0,0,0,0
29,60,0,0,0,0,0,0,0,0,0,0
17,0,0,0,0,0,0,0,0,0,0,0
60,0,0,0,0,0,0,0,0,0,0,0
48,60,0,0,0,0,0,0,0,0,0,0
17,48,0,0,0,0,0,0,0,0,0,0
60,48,0,0,0,0,0,0,0,0,0,0
48,57,0,0,0,0,0,0,0,0,0,0
57,59,0,0,0,0,0,0,0,0,0,0
55,60,14,0,0,0,0,0,0,0,0,0
48,0,0,0,0,0,0,0,0,0,0,0
48,53,21,57,0,0,0,0,0,0,0,0
11,9,0,0,0,0,0,0,0,0,0,0
51,17,0,0,0,0,0,0,0,0,0,0
60,48,21,0,0,0,0,0,0,0,0,0
44,11,49,0,0,0,0,0,0,0,0,0
42,10,11,21,35,29,17,0,0,0,0,0
42,17,48,60,9,49,0,0,0,0,0,0
37,0,0,0,0,0,0,0,0,0,0,0
53,60,25,11,0,0,0,0,0,0,0,0
60,25,11,44,0,0,0,0,0,0,0,0
63,11,0,0,0,0,0,0,0,0,0,0
60,38,48,0,0,0,0,0,0,0,0,0
17,0,0,0,0,0,0,0,0,0,0,0
11,60,0,0,0,0,0,0,0,0,0,0
44,48,21,25,60,11,0,0,0,0,0,0
11,0,0,0,0,0,0,0,0,0,0,0
37,13,60,0,0,0,0,0,0,0,0,0
60,48,0,0,0,0,0,0,0,0,0,0
61,48,35,42,0,0,0,0,0,0,0,0
9,35,11,0,0,0,0,0,0,0,0,0
14,0,0,0,0,0,0,0,0,0,0,0
48,41,14,21,61,0,0,0,0,0,0,0
21,14,0,0,0,0,0,0,0,0,0,0
53,16,59,0,0,0,0,0,0,0,0,0
48,0,0,0,0,0,0,0,0,0,0,0
58,60,11,44,31,0,0,0,0,0,0,0
11,21,28,42,60,29,0,0,0,0,0,0
17,11,14,51,0,0,0,0,0,0,0,0
48,61,53,0,0,0,0,0,0,0,0,0
21,14,60,2,25,55,11,13,44,0,0,0
26,14,0,0,0,0,0,0,0,0,0,0
60,44,61,41,35,48,0,0,0,0,0,0
44,60,61,11,0,0,0,0,0,0,0,0
11,0,0,0,0,0,0,0,0,0,0,0
28,11,0,0,0,0,0,0,0,0,0,0
26,35,61,0,0,0,0,0,0,0,0,0
14,0,0,0,0,0,0,0,0,0,0,0
60,25,13,58,55,37,0,0,0,0,0,0
14,25,0,0,0,0,0,0,0,0,0,0
41,48,0,0,0,0,0,0,0,0,0,0
11,60,17,35,0,0,0,0,0,0,0,0
51,61,60,0,0,0,0,0,0,0,0,0
57,61,0,0,0,0,0,0,0,0,0,0
60,48,0,0,0,0,0,0,0,0,0,0
21,35,9,60,48,7,0,0,0,0,0,0
24,49,0,0,0,0,0,0,0,0,0,0
60,48,0,0,0,0,0,0,0,0,0,0
35,0,0,0,0,0,0,0,0,0,0,0
42,21,11,17,51,48,35,60,61,49,0,0
3,60,0,0,0,0,0,0,0,0,0,0
14,13,0,0,0,0,0,0,0,0,0,0
55,60,0,0,0,0,0,0,0,0,0,0
58,0,0,0,0,0,0,0,0,0,0,0
61,0,0,0,0,0,0,0,0,0,0,0
60,29,0,0,0,0,0,0,0,0,0,0
37,61,58,0,0,0,0,0,0,0,0,0
21,0,0,0,0,0,0,0,0,0,0,0
60,61,48,11,28,41,0,0,0,0,0,0
60,0,0,0,0,0,0,0,0,0,0,0
60,17,48,11,0,0,0,0,0,0,0,0
60,0,0,0,0,0,0,0,0,0,0,0
11,37,58,55,0,0,0,0,0,0,0,0
2,60,11,0,0,0,0,0,0,0,0,0
11,60,35,48,0,0,0,0,0,0,0,0
48,17,35,52,0,0,0,0,0,0,0,0
60,48,28,41,0,0,0,0,0,0,0,0
53,35,0,0,0,0,0,0,0,0,0,0
48,11,60,42,3,0,0,0,0,0,0,0
3,0,0,0,0,0,0,0,0,0,0,0
11,60,29,0,0,0,0,0,0,0,0,0
48,49,60,0,0,0,0,0,0,0,0,0
19,11,61,60,0,0,0,0,0,0,0,0
61,35,0,0,0,0,0,0,0,0,0,0
8,0,0,0,0,0,0,0,0,0,0,0
48,0,0,0,0,0,0,0,0,0,0,0
61,0,0,0,0,0,0,0,0,0,0,0
48,9,0,0,0,0,0,0,0,0,0,0
60,11,17,41,35,61,0,0,0,0,0,0
60,48,61,35,21,0,0,0,0,0,0,0
1,0,0,0,0,0,0,0,0,0,0,0
21,0,0,0,0,0,0,0,0,0,0,0
29,11,3,60,17,0,0,0,0,0,0,0
61,11,44,0,0,0,0,0,0,0,0,0
11,29,60,43,58,25,21,0,0,0,0,0
60,0,0,0,0,0,0,0,0,0,0,0
11,48,60,35,0,0,0,0,0,0,0,0
61,21,11,48,60,12,51,0,0,0,0,0
60,41,0,0,0,0,0,0,0,0,0,0
48,61,0,0,0,0,0,0,0,0,0,0
17,48,38,21,0,0,0,0,0,0,0,0
48,11,28,0,0,0,0,0,0,0,0,0
11,21,60,2,44,58,0,0,0,0,0,0
11,0,0,0,0,0,0,0,0,0,0,0
48,53,11,60,51,0,0,0,0,0,0,0
60,0,0,0,0,0,0,0,0,0,0,0
48,38,0,0,0,0,0,0,0,0,0,0
48,60,35,11,42,0,0,0,0,0,0,0
48,35,60,18,0,0,0,0,0,0,0,0
14,21,0,0,0,0,0,0,0,0,0,0
11,60,0,0,0,0,0,0,0,0,0,0
11,17,0,0,0,0,0,0,0,0,0,0
55,60,0,0,0,0,0,0,0,0,0,0
59,11,28,27,0,0,0,0,0,0,0,0
11,14,31,60,28,41,0,0,0,0,0,0
11,35,0,0,0,0,0,0,0,0,0,0
11,35,57,60,48,0,0,0,0,0,0,0
48,53,57,0,0,0,0,0,0,0,0,0
55,60,54,42,0,0,0,0,0,0,0,0
22,9,50,0,0,0,0,0,0,0,0,0
28,48,60,24,14,0,0,0,0,0,0,0
61,11,9,0,0,0,0,0,0,0,0,0
60,17,11,0,0,0,0,0,0,0,0,0
17,48,60,21,0,0,0,0,0,0,0,0
59,0,0,0,0,0,0,0,0,0,0,0
21,35,0,0,0,0,0,0,0,0,0,0
13,11,60,21,0,0,0,0,0,0,0,0
48,60,11,13,0,0,0,0,0,0,0,0
37,11,0,0,0,0,0,0,0,0,0,0
54,37,31,11,21,13,0,0,0,0,0,0
55,60,0,0,0,0,0,0,0,0,0,0
13,14,0,0,0,0,0,0,0,0,0,0
25,13,60,55,0,0,0,0,0,0,0,0
25,11,0,0,0,0,0,0,0,0,0,0
21,0,0,0,0,0,0,0,0,0,0,0
60,25,13,0,0,0,0,0,0,0,0,0
58,55,11,14,60,37,0,0,0,0,0,0
25,11,0,0,0,0,0,0,0,0,0,0
36,44,0,0,0,0,0,0,0,0,0,0
60,14,25,37,61,0,0,0,0,0,0,0
14,37,60,0,0,0,0,0,0,0,0,0
60,29,0,0,0,0,0,0,0,0,0,0
55,37,0,0,0,0,0,0,0,0,0,0
35,0,0,0,0,0,0,0,0,0,0,0
21,48,57,11,35,0,0,0,0,0,0,0
24,44,0,0,0,0,0,0,0,0,0,0
60,48,11,3,38,0,0,0,0,0,0,0
25,48,55,0,0,0,0,0,0,0,0,0
58,0,0,0,0,0,0,0,0,0,0,0
55,11,31,0,0,0,0,0,0,0,0,0
25,0,0,0,0,0,0,0,0,0,0,0
60,41,55,14,0,0,0,0,0,0,0,0
55,60,13,11,0,0,0,0,0,0,0,0
44,55,0,0,0,0,0,0,0,0,0,0
58,13,0,0,0,0,0,0,0,0,0,0
11,60,25,55,44,0,0,0,0,0,0,0
58,0,0,0,0,0,0,0,0,0,0,0
11,0,0,0,0,0,0,0,0,0,0,0
48,60,55,54,25,0,0,0,0,0,0,0
25,60,11,44,21,14,34,0,0,0,0,0
13,11,37,0,0,0,0,0,0,0,0,0
60,0,0,0,0,0,0,0,0,0,0,0
11,60,21,0,0,0,0,0,0,0,0,0
14,29,15,44,56,25,21,0,0,0,0,0
60,0,0,0,0,0,0,0,0,0,0,0
60,11,43,0,0,0,0,0,0,0,0,0
25,0,0,0,0,0,0,0,0,0,0,0
37,0,0,0,0,0,0,0,0,0,0,0
11,21,60,61,58,37,48,14,23,0,0,0
55,13,0,0,0,0,0,0,0,0,0,0
11,9,0,0,0,0,0,0,0,0,0,0
13,11,0,0,0,0,0,0,0,0,0,0
60,41,0,0,0,0,0,0,0,0,0,0
14,11,0,0,0,0,0,0,0,0,0,0
48,60,0,0,0,0,0,0,0,0,0,0
29,0,0,0,0,0,0,0,0,0,0,0
21,11,14,44,48,60,29,55,0,0,0,0
11,21,14,2,25,0,0,0,0,0,0,0
2,21,11,0,0,0,0,0,0,0,0,0
14,0,0,0,0,0,0,0,0,0,0,0
25,55,60,0,0,0,0,0,0,0,0,0
21,60,0,0,0,0,0,0,0,0,0,0
11,0,0,0,0,0,0,0,0,0,0,0
55,13,0,0,0,0,0,0,0,0,0,0
60,0,0,0,0,0,0,0,0,0,0,0
14,0,0,0,0,0,0,0,0,0,0,0
13,37,60,0,0,0,0,0,0,0,0,0
58,60,29,0,0,0,0,0,0,0,0,0
58,43,0,0,0,0,0,0,0,0,0,0
61,60,0,0,0,0,0,0,0,0,0,0
48,60,11,0,0,0,0,0,0,0,0,0
60,48,12,53,57,3,0,0,0,0,0,0
11,0,0,0,0,0,0,0,0,0,0,0
60,35,0,0,0,0,0,0,0,0,0,0
18,60,52,0,0,0,0,0,0,0,0,0
25,31,0,0,0,0,0,0,0,0,0,0
11,8,48,60,0,0,0,0,0,0,0,0
9,11,48,60,52,0,0,0,0,0,0,0
31,25,23,60,0,0,0,0,0,0,0,0
60,55,35,13,37,0,0,0,0,0,0,0
60,0,0,0,0,0,0,0,0,0,0,0
35,48,60,0,0,0,0,0,0,0,0,0
11,14,0,0,0,0,0,0,0,0,0,0
35,48,60,0,0,0,0,0,0,0,0,0
48,60,53,35,4,0,0,0,0,0,0,0
60,48,51,61,0,0,0,0,0,0,0,0
48,51,0,0,0,0,0,0,0,0,0,0
38,60,53,35,0,0,0,0,0,0,0,0
11,61,0,0,0,0,0,0,0,0,0,0
7,11,60,0,0,0,0,0,0,0,0,0
48,0,0,0,0,0,0,0,0,0,0,0
60,48,4,11,0,0,0,0,0,0,0,0
59,3,11,0,0,0,0,0,0,0,0,0
4,48,60,11,0,0,0,0,0,0,0,0
41,60,21,0,0,0,0,0,0,0,0,0
60,0,0,0,0,0,0,0,0,0,0,0
60,61,48,4,0,0,0,0,0,0,0,0
60,61,48,14,0,0,0,0,0,0,0,0
21,0,0,0,0,0,0,0,0,0,0,0
48,60,28,11,0,0,0,0,0,0,0,0
48,16,61,53,60,0,0,0,0,0,0,0
60,0,0,0,0,0,0,0,0,0,0,0
53,0,0,0,0,0,0,0,0,0,0,0
3,60,0,0,0,0,0,0,0,0,0,0
60,61,11,48,21,0,0,0,0,0,0,0
61,0,0,0,0,0,0,0,0,0,0,0
48,0,0,0,0,0,0,0,0,0,0,0
48,0,0,0,0,0,0,0,0,0,0,0
48,35,53,61,60,9,57,0,0,0,0,0
60,0,0,0,0,0,0,0,0,0,0,0
48,57,61,0,0,0,0,0,0,0,0,0
48,53,11,0,0,0,0,0,0,0,0,0
11,0,0,0,0,0,0,0,0,0,0,0
58,0,0,0,0,0,0,0,0,0,0,0
11,28,0,0,0,0,0,0,0,0,0,0
35,11,61,17,0,0,0,0,0,0,0,0
61,60,0,0,0,0,0,0,0,0,0,0
25,55,58,37,14,13,11,0,0,0,0,0
11,51,0,0,0,0,0,0,0,0,0,0
61,52,0,0,0,0,0,0,0,0,0,0
48,60,0,0,0,0,0,0,0,0,0,0
17,60,0,0,0,0,0,0,0,0,0,0
59,0,0,0,0,0,0,0,0,0,0,0
18,60,48,57,0,0,0,0,0,0,0,0
11,4,0,0,0,0,0,0,0,0,0,0
60,48,0,0,0,0,0,0,0,0,0,0
60,11,14,57,0,0,0,0,0,0,0,0
13,55,44,0,0,0,0,0,0,0,0,0
13,14,29,60,43,0,0,0,0,0,0,0
25,55,29,0,0,0,0,0,0,0,0,0
60,0,0,0,0,0,0,0,0,0,0,0
60,0,0,0,0,0,0,0,0,0,0,0
3,38,48,62,35,0,0,0,0,0,0,0
48,60,11,35,28,29,0,0,0,0,0,0
48,17,0,0,0,0,0,0,0,0,0,0
60,62,0,0,0,0,0,0,0,0,0,0
58,0,0,0,0,0,0,0,0,0,0,0
21,0,0,0,0,0,0,0,0,0,0,0
57,48,3,0,0,0,0,0,0,0,0,0
11,38,22,0,0,0,0,0,0,0,0,0
3,11,0,0,0,0,0,0,0,0,0,0
42,48,0,0,0,0,0,0,0,0,0,0
53,60,48,0,0,0,0,0,0,0,0,0
60,21,58,11,0,0,0,0,0,0,0,0
61,60,0,0,0,0,0,0,0,0,0,0
10,48,11,0,0,0,0,0,0,0,0,0
48,11,0,0,0,0,0,0,0,0,0,0
21,60,0,0,0,0,0,0,0,0,0,0
61,60,0,0,0,0,0,0,0,0,0,0
12,0,0,0,0,0,0,0,0,0,0,0
48,60,11,0,0,0,0,0,0,0,0,0
11,0,0,0,0,0,0,0,0,0,0,0
11,9,51,0,0,0,0,0,0,0,0,0
53,0,0,0,0,0,0,0,0,0,0,0
11,21,0,0,0,0,0,0,0,0,0,0
2,21,44,0,0,0,0,0,0,0,0,0
48,0,0,0,0,0,0,0,0,0,0,0
60,0,0,0,0,0,0,0,0,0,0,0
60,0,0,0,0,0,0,0,0,0,0,0
44,60,48,11,21,19,0,0,0,0,0,0
21,14,60,58,11,0,0,0,0,0,0,0
11,60,0,0,0,0,0,0,0,0,0,0
25,13,0,0,0,0,0,0,0,0,0,0
11,0,0,0,0,0,0,0,0,0,0,0
60,59,55,0,0,0,0,0,0,0,0,0
35,60,48,0,0,0,0,0,0,0,0,0
61,48,4,0,0,0,0,0,0,0,0,0
11,48,0,0,0,0,0,0,0,0,0,0
50,0,0,0,0,0,0,0,0,0,0,0
61,0,0,0,0,0,0,0,0,0,0,0
48,11,21,0,0,0,0,0,0,0,0,0
48,11,60,35,0,0,0,0,0,0,0,0
53,17,48,14,0,0,0,0,0,0,0,0
60,11,0,0,0,0,0,0,0,0,0,0
44,11,0,0,0,0,0,0,0,0,0,0
17,48,0,0,0,0,0,0,0,0,0,0
11,0,0,0,0,0,0,0,0,0,0,0
42,0,0,0,0,0,0,0,0,0,0,0
11,0,0,0,0,0,0,0,0,0,0,0
11,17,0,0,0,0,0,0,0,0,0,0
17,11,21,62,0,0,0,0,0,0,0,0
25,37,20,55,41,0,0,0,0,0,0,0
60,0,0,0,0,0,0,0,0,0,0,0
41,14,55,60,0,0,0,0,0,0,0,0
48,0,0,0,0,0,0,0,0,0,0,0
60,11,48,59,0,0,0,0,0,0,0,0
11,48,0,0,0,0,0,0,0,0,0,0
48,60,52,9,35,11,0,0,0,0,0,0
49,53,0,0,0,0,0,0,0,0,0,0
48,60,42,11,0,0,0,0,0,0,0,0
11,0,0,0,0,0,0,0,0,0,0,0
48,0,0,0,0,0,0,0,0,0,0,0
11,0,0,0,0,0,0,0,0,0,0,0
3,60,28,48,35,11,0,0,0,0,0,0
48,0,0,0,0,0,0,0,0,0,0,0
48,14,35,17,11,18,0,0,0,0,0,0
60,48,18,0,0,0,0,0,0,0,0,0
11,48,0,0,0,0,0,0,0,0,0,0
60,48,11,0,0,0,0,0,0,0,0,0
38,51,48,10,61,60,4,9,53,0,0,0
48,60,0,0,0,0,0,0,0,0,0,0
48,53,41,0,0,0,0,0,0,0,0,0
60,0,0,0,0,0,0,0,0,0,0,0
54,60,61,0,0,0,0,0,0,0,0,0
11,55,21,34,60,25,0,0,0,0,0,0
25,0,0,0,0,0,0,0,0,0,0,0
60,14,55,43,0,0,0,0,0,0,0,0
44,0,0,0,0,0,0,0,0,0,0,0
60,0,0,0,0,0,0,0,0,0,0,0
25,0,0,0,0,0,0,0,0,0,0,0
61,0,0,0,0,0,0,0,0,0,0,0
58,60,0,0,0,0,0,0,0,0,0,0
60,53,11,0,0,0,0,0,0,0,0,0
60,0,0,0,0,0,0,0,0,0,0,0
54,37,43,25,0,0,0,0,0,0,0,0
20,60,0,0,0,0,0,0,0,0,0,0
61,11,0,0,0,0,0,0,0,0,0,0
48,60,0,0,0,0,0,0,0,0,0,0
18,48,60,0,0,0,0,0,0,0,0,0
11,21,50,29,0,0,0,0,0,0,0,0
55,25,0,0,0,0,0,0,0,0,0,0
11,28,0,0,0,0,0,0,0,0,0,0
28,60,4,0,0,0,0,0,0,0,0,0
11,0,0,0,0,0,0,0,0,0,0,0
60,13,0,0,0,0,0,0,0,0,0,0
25,13,11,0,0,0,0,0,0,0,0,0
60,55,0,0,0,0,0,0,0,0,0,0
60,11,13,25,0,0,0,0,0,0,0,0
60,0,0,0,0,0,0,0,0,0,0,0
37,0,0,0,0,0,0,0,0,0,0,0
44,60,14,0,0,0,0,0,0,0,0,0
21,11,48,0,0,0,0,0,0,0,0,0
11,2,0,0,0,0,0,0,0,0,0,0
61,60,25,43,44,0,0,0,0,0,0,0
11,0,0,0,0,0,0,0,0,0,0,0
60,21,48,11,0,0,0,0,0,0,0,0
60,0,0,0,0,0,0,0,0,0,0,0
22,60,53,48,21,0,0,0,0,0,0,0
11,0,0,0,0,0,0,0,0,0,0,0
11,21,14,25,0,0,0,0,0,0,0,0
48,0,0,0,0,0,0,0,0,0,0,0
60,61,14,0,0,0,0,0,0,0,0,0
60,0,0,0,0,0,0,0,0,0,0,0
37,55,0,0,0,0,0,0,0,0,0,0
55,0,0,0,0,0,0,0,0,0,0,0
37,25,0,0,0,0,0,0,0,0,0,0
55,48,0,0,0,0,0,0,0,0,0,0
60,13,0,0,0,0,0,0,0,0,0,0
25,29,37,0,0,0,0,0,0,0,0,0
60,47,0,0,0,0,0,0,0,0,0,0
44,60,0,0,0,0,0,0,0,0,0,0
48,9,17,61,53,18,0,0,0,0,0,0
37,14,0,0,0,0,0,0,0,0,0,0
55,13,14,0,0,0,0,0,0,0,0,0
11,60,0,0,0,0,0,0,0,0,0,0
48,11,28,0,0,0,0,0,0,0,0,0
11,21,0,0,0,0,0,0,0,0,0,0
11,60,0,0,0,0,0,0,0,0,0,0
60,55,23,13,25,54,0,0,0,0,0,0
21,11,0,0,0,0,0,0,0,0,0,0
21,0,0,0,0,0,0,0,0,0,0,0
11,48,60,24,9,0,0,0,0,0,0,0
53,28,11,42,0,0,0,0,0,0,0,0
13,60,55,37,31,0,0,0,0,0,0,0
11,60,41,17,21,14,0,0,0,0,0,0
44,14,0,0,0,0,0,0,0,0,0,0
21,60,11,44,14,0,0,0,0,0,0,0
31,42,0,0,0,0,0,0,0,0,0,0
19,60,0,0,0,0,0,0,0,0,0,0
11,42,60,21,0,0,0,0,0,0,0,0
60,37,11,21,0,0,0,0,0,0,0,0
60,0,0,0,0,0,0,0,0,0,0,0
24,0,0,0,0,0,0,0,0,0,0,0
21,14,60,20,0,0,0,0,0,0,0,0
28,11,35,0,0,0,0,0,0,0,0,0
18,35,21,0,0,0,0,0,0,0,0,0
13,21,11,55,0,0,0,0,0,0,0,0
49,0,0,0,0,0,0,0,0,0,0,0
29,0,0,0,0,0,0,0,0,0,0,0
48,53,0,0,0,0,0,0,0,0,0,0
25,7,47,0,0,0,0,0,0,0,0,0
57,18,53,0,0,0,0,0,0,0,0,0
35,48,11,0,0,0,0,0,0,0,0,0
60,21,44,0,0,0,0,0,0,0,0,0
48,11,9,21,0,0,0,0,0,0,0,0
60,48,0,0,0,0,0,0,0,0,0,0
11,0,0,0,0,0,0,0,0,0,0,0
58,21,44,0,0,0,0,0,0,0,0,0
38,0,0,0,0,0,0,0,0,0,0,0
48,11,0,0,0,0,0,0,0,0,0,0
11,21,0,0,0,0,0,0,0,0,0,0
11,28,60,49,0,0,0,0,0,0,0,0
60,9,0,0,0,0,0,0,0,0,0,0
48,35,14,60,11,12,21,52,61,18,42,0
60,37,0,0,0,0,0,0,0,0,0,0
14,21,60,11,44,0,0,0,0,0,0,0
3,48,0,0,0,0,0,0,0,0,0,0
60,0,0,0,0,0,0,0,0,0,0,0
21,37,13,0,0,0,0,0,0,0,0,0
31,0,0,0,0,0,0,0,0,0,0,0
48,60,0,0,0,0,0,0,0,0,0,0
48,53,0,0,0,0,0,0,0,0,0,0
11,48,24,60,0,0,0,0,0,0,0,0
11,37,60,25,0,0,0,0,0,0,0,0
21,0,0,0,0,0,0,0,0,0,0,0
60,11,29,28,41,21,25,14,1,0,0,0
58,4,25,13,37,55,14,0,0,0,0,0
60,55,25,14,11,37,36,21,0,0,0,0
60,42,41,48,0,0,0,0,0,0,0,0
55,0,0,0,0,0,0,0,0,0,0,0
14,0,0,0,0,0,0,0,0,0,0,0
25,0,0,0,0,0,0,0,0,0,0,0
22,44,11,53,0,0,0,0,0,0,0,0
60,14,58,0,0,0,0,0,0,0,0,0
60,21,48,14,0,0,0,0,0,0,0,0
4,0,0,0,0,0,0,0,0,0,0,0
25,23,55,0,0,0,0,0,0,0,0,0
17,29,0,0,0,0,0,0,0,0,0,0
48,41,0,0,0,0,0,0,0,0,0,0
11,14,4,0,0,0,0,0,0,0,0,0
61,60,0,0,0,0,0,0,0,0,0,0
21,44,60,29,11,14,0,0,0,0,0,0
60,22,0,0,0,0,0,0,0,0,0,0
35,17,11,0,0,0,0,0,0,0,0,0
17,11,0,0,0,0,0,0,0,0,0,0
21,0,0,0,0,0,0,0,0,0,0,0
11,13,44,37,0,0,0,0,0,0,0,0
61,0,0,0,0,0,0,0,0,0,0,0
14,48,0,0,0,0,0,0,0,0,0,0
60,58,44,48,14,28,11,0,0,0,0,0
11,2,14,0,0,0,0,0,0,0,0,0
55,14,11,58,25,0,0,0,0,0,0,0
60,25,0,0,0,0,0,0,0,0,0,0
14,13,61,0,0,0,0,0,0,0,0,0
55,54,0,0,0,0,0,0,0,0,0,0
37,0,0,0,0,0,0,0,0,0,0,0
11,60,0,0,0,0,0,0,0,0,0,0
49,60,48,0,0,0,0,0,0,0,0,0
11,0,0,0,0,0,0,0,0,0,0,0
48,0,0,0,0,0,0,0,0,0,0,0
60,11,41,51,61,48,59,0,0,0,0,0
11,42,61,0,0,0,0,0,0,0,0,0
11,48,60,0,0,0,0,0,0,0,0,0
42,60,2,11,0,0,0,0,0,0,0,0
17,11,0,0,0,0,0,0,0,0,0,0
61,60,0,0,0,0,0,0,0,0,0,0
11,0,0,0,0,0,0,0,0,0,0,0
42,60,0,0,0,0,0,0,0,0,0,0
11,21,14,0,0,0,0,0,0,0,0,0
24,11,0,0,0,0,0,0,0,0,0,0
3,0,0,0,0,0,0,0,0,0,0,0
11,0,0,0,0,0,0,0,0,0,0,0
60,48,0,0,0,0,0,0,0,0,0,0
11,0,0,0,0,0,0,0,0,0,0,0
51,11,0,0,0,0,0,0,0,0,0,0
14,44,0,0,0,0,0,0,0,0,0,0
17,60,0,0,0,0,0,0,0,0,0,0
48,55,60,0,0,0,0,0,0,0,0,0
21,60,13,0,0,0,0,0,0,0,0,0
36,59,0,0,0,0,0,0,0,0,0,0
48,12,9,3,0,0,0,0,0,0,0,0
11,60,0,0,0,0,0,0,0,0,0,0
21,9,18,0,0,0,0,0,0,0,0,0
38,49,18,53,44,48,0,0,0,0,0,0
7,60,57,0,0,0,0,0,0,0,0,0
60,11,0,0,0,0,0,0,0,0,0,0
29,60,0,0,0,0,0,0,0,0,0,0
60,11,0,0,0,0,0,0,0,0,0,0
11,60,0,0,0,0,0,0,0,0,0,0
61,28,0,0,0,0,0,0,0,0,0,0
13,0,0,0,0,0,0,0,0,0,0,0
37,11,0,0,0,0,0,0,0,0,0,0
48,61,0,0,0,0,0,0,0,0,0,0
28,60,0,0,0,0,0,0,0,0,0,0
11,24,61,0,0,0,0,0,0,0,0,0
12,11,0,0,0,0,0,0,0,0,0,0
61,0,0,0,0,0,0,0,0,0,0,0
60,38,48,11,59,0,0,0,0,0,0,0
11,2,43,0,0,0,0,0,0,0,0,0
11,0,0,0,0,0,0,0,0,0,0,0
49,0,0,0,0,0,0,0,0,0,0,0
49,0,0,0,0,0,0,0,0,0,0,0
48,11,0,0,0,0,0,0,0,0,0,0
63,0,0,0,0,0,0,0,0,0,0,0
60,0,0,0,0,0,0,0,0,0,0,0
11,60,35,0,0,0,0,0,0,0,0,0
35,63,0,0,0,0,0,0,0,0,0,0
18,0,0,0,0,0,0,0,0,0,0,0
49,48,63,0,0,0,0,0,0,0,0,0
58,31,44,0,0,0,0,0,0,0,0,0
48,0,0,0,0,0,0,0,0,0,0,0
44,60,0,0,0,0,0,0,0,0,0,0
60,51,28,11,61,48,49,0,0,0,0,0
48,0,0,0,0,0,0,0,0,0,0,0
60,11,0,0,0,0,0,0,0,0,0,0
4,60,0,0,0,0,0,0,0,0,0,0
51,48,60,53,42,0,0,0,0,0,0,0
21,60,0,0,0,0,0,0,0,0,0,0
48,60,14,11,4,0,0,0,0,0,0,0
11,24,60,48,21,17,0,0,0,0,0,0
11,9,0,0,0,0,0,0,0,0,0,0
48,11,60,28,18,0,0,0,0,0,0,0
28,17,24,0,0,0,0,0,0,0,0,0
53,0,0,0,0,0,0,0,0,0,0,0
48,13,43,0,0,0,0,0,0,0,0,0
3,0,0,0,0,0,0,0,0,0,0,0
55,48,9,0,0,0,0,0,0,0,0,0
42,48,14,0,0,0,0,0,0,0,0,0
13,58,61,31,0,0,0,0,0,0,0,0
13,0,0,0,0,0,0,0,0,0,0,0
60,51,11,0,0,0,0,0,0,0,0,0
31,25,60,37,13,0,0,0,0,0,0,0
60,11,31,14,0,0,0,0,0,0,0,0
24,48,60,38,0,0,0,0,0,0,0,0
48,53,0,0,0,0,0,0,0,0,0,0
49,0,0,0,0,0,0,0,0,0,0,0
48,60,11,61,41,0,0,0,0,0,0,0
55,58,61,0,0,0,0,0,0,0,0,0
55,11,0,0,0,0,0,0,0,0,0,0
48,60,11,53,0,0,0,0,0,0,0,0
11,0,0,0,0,0,0,0,0,0,0,0
44,11,31,60,0,0,0,0,0,0,0,0
24,0,0,0,0,0,0,0,0,0,0,0
48,59,63,0,0,0,0,0,0,0,0,0
60,34,14,44,25,0,0,0,0,0,0,0
60,18,48,12,9,11,0,0,0,0,0,0
11,48,42,57,53,41,0,0,0,0,0,0
60,35,53,0,0,0,0,0,0,0,0,0
48,60,22,0,0,0,0,0,0,0,0,0
60,0,0,0,0,0,0,0,0,0,0,0
38,48,11,35,28,18,0,0,0,0,0,0
63,48,9,0,0,0,0,0,0,0,0,0
60,14,0,0,0,0,0,0,0,0,0,0
57,53,52,0,0,0,0,0,0,0,0,0
60,0,0,0,0,0,0,0,0,0,0,0
57,53,0,0,0,0,0,0,0,0,0,0
35,0,0,0,0,0,0,0,0,0,0,0
60,48,0,0,0,0,0,0,0,0,0,0
55,13,0,0,0,0,0,0,0,0,0,0
63,53,0,0,0,0,0,0,0,0,0,0
21,60,35,0,0,0,0,0,0,0,0,0
51,44,0,0,0,0,0,0,0,0,0,0
48,9,51,61,0,0,0,0,0,0,0,0
60,48,18,4,0,0,0,0,0,0,0,0
11,17,0,0,0,0,0,0,0,0,0,0
52,0,0,0,0,0,0,0,0,0,0,0
25,0,0,0,0,0,0,0,0,0,0,0
57,48,38,0,0,0,0,0,0,0,0,0
14,25,0,0,0,0,0,0,0,0,0,0
61,0,0,0,0,0,0,0,0,0,0,0
48,53,0,0,0,0,0,0,0,0,0,0
61,11,0,0,0,0,0,0,0,0,0,0
11,63,0,0,0,0,0,0,0,0,0,0
11,35,20,60,0,0,0,0,0,0,0,0
60,38,53,11,18,3,48,35,0,0,0,0
13,12,0,0,0,0,0,0,0,0,0,0
28,42,0,0,0,0,0,0,0,0,0,0
37,0,0,0,0,0,0,0,0,0,0,0
21,0,0,0,0,0,0,0,0,0,0,0
60,48,0,0,0,0,0,0,0,0,0,0
60,11,0,0,0,0,0,0,0,0,0,0
14,11,60,0,0,0,0,0,0,0,0,0
49,11,63,26,53,0,0,0,0,0,0,0
11,14,0,0,0,0,0,0,0,0,0,0
25,11,55,21,0,0,0,0,0,0,0,0
22,35,0,0,0,0,0,0,0,0,0,0
60,17,0,0,0,0,0,0,0,0,0,0
11,0,0,0,0,0,0,0,0,0,0,0
60,11,61,0,0,0,0,0,0,0,0,0
60,0,0,0,0,0,0,0,0,0,0,0
58,25,0,0,0,0,0,0,0,0,0,0
2,51,60,53,48,42,0,0,0,0,0,0
48,0,0,0,0,0,0,0,0,0,0,0
48,35,51,0,0,0,0,0,0,0,0,0
60,4,48,61,9,18,0,0,0,0,0,0
14,29,58,37,44,0,0,0,0,0,0,0
14,44,21,43,0,0,0,0,0,0,0,0
48,11,0,0,0,0,0,0,0,0,0,0
35,48,0,0,0,0,0,0,0,0,0,0
14,17,58,13,0,0,0,0,0,0,0,0
60,35,48,0,0,0,0,0,0,0,0,0
48,60,0,0,0,0,0,0,0,0,0,0
48,35,51,38,60,61,0,0,0,0,0,0
25,0,0,0,0,0,0,0,0,0,0,0
21,48,0,0,0,0,0,0,0,0,0,0
21,44,0,0,0,0,0,0,0,0,0,0
60,42,11,51,48,0,0,0,0,0,0,0
60,61,11,52,35,0,0,0,0,0,0,0
21,48,57,0,0,0,0,0,0,0,0,0
11,17,48,28,0,0,0,0,0,0,0,0
11,60,49,21,28,0,0,0,0,0,0,0
11,51,0,0,0,0,0,0,0,0,0,0
60,0,0,0,0,0,0,0,0,0,0,0
11,0,0,0,0,0,0,0,0,0,0,0
58,3,13,25,0,0,0,0,0,0,0,0
25,60,31,55,0,0,0,0,0,0,0,0
21,0,0,0,0,0,0,0,0,0,0,0
17,48,10,52,60,0,0,0,0,0,0,0
11,48,60,49,28,0,0,0,0,0,0,0
35,38,60,0,0,0,0,0,0,0,0,0
11,60,57,61,0,0,0,0,0,0,0,0
11,60,0,0,0,0,0,0,0,0,0,0
25,60,54,55,13,48,11,0,0,0,0,0
60,11,0,0,0,0,0,0,0,0,0,0
60,0,0,0,0,0,0,0,0,0,0,0
53,60,0,0,0,0,0,0,0,0,0,0
48,60,11,57,0,0,0,0,0,0,0,0
48,0,0,0,0,0,0,0,0,0,0,0
11,55,44,14,20,60,13,48,0,0,0,0
9,0,0,0,0,0,0,0,0,0,0,0
44,0,0,0,0,0,0,0,0,0,0,0
11,0,0,0,0,0,0,0,0,0,0,0
60,17,25,0,0,0,0,0,0,0,0,0
60,25,0,0,0,0,0,0,0,0,0,0
48,11,12,0,0,0,0,0,0,0,0,0
60,48,61,62,11,0,0,0,0,0,0,0
11,48,0,0,0,0,0,0,0,0,0,0
60,41,14,0,0,0,0,0,0,0,0,0
51,21,0,0,0,0,0,0,0,0,0,0
28,48,11,0,0,0,0,0,0,0,0,0
11,17,0,0,0,0,0,0,0,0,0,0
35,0,0,0,0,0,0,0,0,0,0,0
60,44,0,0,0,0,0,0,0,0,0,0
47,25,0,0,0,0,0,0,0,0,0,0
48,49,60,28,11,12,0,0,0,0,0,0
52,60,61,0,0,0,0,0,0,0,0,0
44,0,0,0,0,0,0,0,0,0,0,0
48,3,61,0,0,0,0,0,0,0,0,0
29,0,0,0,0,0,0,0,0,0,0,0
60,35,0,0,0,0,0,0,0,0,0,0
11,0,0,0,0,0,0,0,0,0,0,0
13,25,37,43,0,0,0,0,0,0,0,0
48,57,61,0,0,0,0,0,0,0,0,0
60,11,14,0,0,0,0,0,0,0,0,0
11,60,0,0,0,0,0,0,0,0,0,0
28,11,0,0,0,0,0,0,0,0,0,0
14,0,0,0,0,0,0,0,0,0,0,0
21,0,0,0,0,0,0,0,0,0,0,0
61,48,0,0,0,0,0,0,0,0,0,0
60,0,0,0,0,0,0,0,0,0,0,0
21,13,0,0,0,0,0,0,0,0,0,0
17,21,0,0,0,0,0,0,0,0,0,0
55,0,0,0,0,0,0,0,0,0,0,0
11,0,0,0,0,0,0,0,0,0,0,0
11,61,0,0,0,0,0,0,0,0,0,0
11,60,21,42,0,0,0,0,0,0,0,0
14,11,0,0,0,0,0,0,0,0,0,0
60,2,11,44,14,0,0,0,0,0,0,0
48,35,51,61,0,0,0,0,0,0,0,0
48,14,60,57,0,0,0,0,0,0,0,0
60,21,61,0,0,0,0,0,0,0,0,0
2,60,0,0,0,0,0,0,0,0,0,0
11,24,53,29,0,0,0,0,0,0,0,0
18,17,0,0,0,0,0,0,0,0,0,0
51,41,0,0,0,0,0,0,0,0,0,0
35,48,11,0,0,0,0,0,0,0,0,0
21,11,35,48,51,0,0,0,0,0,0,0
28,48,29,61,0,0,0,0,0,0,0,0
21,44,11,0,0,0,0,0,0,0,0,0
14,29,51,43,0,0,0,0,0,0,0,0
25,14,11,55,0,0,0,0,0,0,0,0
13,60,58,37,25,31,0,0,0,0,0,0
21,14,0,0,0,0,0,0,0,0,0,0
60,43,34,13,54,11,31,0,0,0,0,0
13,0,0,0,0,0,0,0,0,0,0,0
11,9,49,0,0,0,0,0,0,0,0,0
21,17,11,0,0,0,0,0,0,0,0,0
60,59,0,0,0,0,0,0,0,0,0,0
48,11,60,49,3,0,0,0,0,0,0,0
11,60,48,0,0,0,0,0,0,0,0,0
48,61,0,0,0,0,0,0,0,0,0,0
11,24,0,0,0,0,0,0,0,0,0,0
11,0,0,0,0,0,0,0,0,0,0,0
48,51,60,0,0,0,0,0,0,0,0,0
62,0,0,0,0,0,0,0,0,0,0,0
31,0,0,0,0,0,0,0,0,0,0,0
57,18,60,53,0,0,0,0,0,0,0,0
48,0,0,0,0,0,0,0,0,0,0,0
48,0,0,0,0,0,0,0,0,0,0,0
48,57,60,44,0,0,0,0,0,0,0,0
35,11,0,0,0,0,0,0,0,0,0,0
48,60,0,0,0,0,0,0,0,0,0,0
48,61,0,0,0,0,0,0,0,0,0,0
55,0,0,0,0,0,0,0,0,0,0,0
60,0,0,0,0,0,0,0,0,0,0,0
48,11,22,18,51,53,61,57,60,14,50,0
13,0,0,0,0,0,0,0,0,0,0,0
28,61,11,0,0,0,0,0,0,0,0,0
60,48,0,0,0,0,0,0,0,0,0,0
11,0,0,0,0,0,0,0,0,0,0,0
11,14,0,0,0,0,0,0,0,0,0,0
11,61,60,35,0,0,0,0,0,0,0,0
4,41,0,0,0,0,0,0,0,0,0,0
60,0,0,0,0,0,0,0,0,0,0,0
41,11,60,0,0,0,0,0,0,0,0,0
31,13,0,0,0,0,0,0,0,0,0,0
60,21,0,0,0,0,0,0,0,0,0,0
48,13,0,0,0,0,0,0,0,0,0,0
11,35,0,0,0,0,0,0,0,0,0,0
21,11,1,2,0,0,0,0,0,0,0,0
53,60,57,0,0,0,0,0,0,0,0,0
60,48,35,57,0,0,0,0,0,0,0,0
20,0,0,0,0,0,0,0,0,0,0,0
11,0,0,0,0,0,0,0,0,0,0,0
21,61,0,0,0,0,0,0,0,0,0,0
60,11,25,21,61,62,0,0,0,0,0,0
60,21,57,31,3,0,0,0,0,0,0,0
48,11,0,0,0,0,0,0,0,0,0,0
57,42,0,0,0,0,0,0,0,0,0,0
60,59,0,0,0,0,0,0,0,0,0,0
55,0,0,0,0,0,0,0,0,0,0,0
57,0,0,0,0,0,0,0,0,0,0,0
53,0,0,0,0,0,0,0,0,0,0,0
48,60,0,0,0,0,0,0,0,0,0,0
37,14,44,11,60,0,0,0,0,0,0,0
48,0,0,0,0,0,0,0,0,0,0,0
11,0,0,0,0,0,0,0,0,0,0,0
16,60,48,53,11,0,0,0,0,0,0,0
3,51,42,0,0,0,0,0,0,0,0,0
60,48,0,0,0,0,0,0,0,0,0,0
13,0,0,0,0,0,0,0,0,0,0,0
48,61,0,0,0,0,0,0,0,0,0,0
48,51,38,0,0,0,0,0,0,0,0,0
11,0,0,0,0,0,0,0,0,0,0,0
48,42,0,0,0,0,0,0,0,0,0,0
60,61,0,0,0,0,0,0,0,0,0,0
60,0,0,0,0,0,0,0,0,0,0,0
17,60,21,58,0,0,0,0,0,0,0,0
4,0,0,0,0,0,0,0,0,0,0,0
41,48,0,0,0,0,0,0,0,0,0,0
53,48,60,0,0,0,0,0,0,0,0,0
14,0,0,0,0,0,0,0,0,0,0,0
24,11,48,60,61,49,42,41,0,0,0,0
48,0,0,0,0,0,0,0,0,0,0,0
14,11,60,44,41,0,0,0,0,0,0,0
60,4,0,0,0,0,0,0,0,0,0,0
48,35,12,11,0,0,0,0,0,0,0,0
48,0,0,0,0,0,0,0,0,0,0,0
60,48,49,62,17,28,35,0,0,0,0,0
60,48,11,14,25,0,0,0,0,0,0,0
14,0,0,0,0,0,0,0,0,0,0,0
17,11,28,0,0,0,0,0,0,0,0,0
22,0,0,0,0,0,0,0,0,0,0,0
60,0,0,0,0,0,0,0,0,0,0,0
61,0,0,0,0,0,0,0,0,0,0,0
2,0,0,0,0,0,0,0,0,0,0,0
4,51,11,0,0,0,0,0,0,0,0,0
48,25,0,0,0,0,0,0,0,0,0,0
16,60,0,0,0,0,0,0,0,0,0,0
60,29,0,0,0,0,0,0,0,0,0,0
57,0,0,0,0,0,0,0,0,0,0,0
3,18,57,48,60,0,0,0,0,0,0,0
9,0,0,0,0,0,0,0,0,0,0,0
38,0,0,0,0,0,0,0,0,0,0,0
48,50,24,22,0,0,0,0,0,0,0,0
53,1,0,0,0,0,0,0,0,0,0,0
60,0,0,0,0,0,0,0,0,0,0,0
11,53,0,0,0,0,0,0,0,0,0,0
11,51,0,0,0,0,0,0,0,0,0,0
42,53,11,60,35,9,52,0,0,0,0,0
60,54,48,57,0,0,0,0,0,0,0,0
41,0,0,0,0,0,0,0,0,0,0,0
60,48,0,0,0,0,0,0,0,0,0,0
11,18,60,0,0,0,0,0,0,0,0,0
11,48,58,9,21,60,0,0,0,0,0,0
11,57,0,0,0,0,0,0,0,0,0,0
60,57,61,44,0,0,0,0,0,0,0,0
53,38,22,0,0,0,0,0,0,0,0,0
48,35,0,0,0,0,0,0,0,0,0,0
29,60,0,0,0,0,0,0,0,0,0,0
57,29,0,0,0,0,0,0,0,0,0,0
48,51,53,52,0,0,0,0,0,0,0,0
37,55,60,44,0,0,0,0,0,0,0,0
35,42,38,48,0,0,0,0,0,0,0,0
48,11,0,0,0,0,0,0,0,0,0,0
48,11,12,0,0,0,0,0,0,0,0,0
60,11,0,0,0,0,0,0,0,0,0,0
11,17,60,14,48,35,0,0,0,0,0,0
60,37,13,0,0,0,0,0,0,0,0,0
37,55,17,0,0,0,0,0,0,0,0,0
21,13,0,0,0,0,0,0,0,0,0,0
13,14,55,60,37,0,0,0,0,0,0,0
48,42,0,0,0,0,0,0,0,0,0,0
60,28,0,0,0,0,0,0,0,0,0,0
25,11,0,0,0,0,0,0,0,0,0,0
58,13,14,0,0,0,0,0,0,0,0,0
58,55,43,37,25,0,0,0,0,0,0,0
58,13,60,0,0,0,0,0,0,0,0,0
48,37,14,13,0,0,0,0,0,0,0,0
41,11,60,35,0,0,0,0,0,0,0,0
13,58,47,60,25,14,0,0,0,0,0,0
37,0,0,0,0,0,0,0,0,0,0,0
34,25,0,0,0,0,0,0,0,0,0,0
55,44,58,48,0,0,0,0,0,0,0,0
60,48,17,0,0,0,0,0,0,0,0,0
13,25,0,0,0,0,0,0,0,0,0,0
60,21,0,0,0,0,0,0,0,0,0,0
61,0,0,0,0,0,0,0,0,0,0,0
37,0,0,0,0,0,0,0,0,0,0,0
60,0,0,0,0,0,0,0,0,0,0,0
31,13,60,21,11,25,55,0,0,0,0,0
31,11,60,13,0,0,0,0,0,0,0,0
60,0,0,0,0,0,0,0,0,0,0,0
13,9,34,0,0,0,0,0,0,0,0,0
14,13,0,0,0,0,0,0,0,0,0,0
60,0,0,0,0,0,0,0,0,0,0,0
11,60,44,0,0,0,0,0,0,0,0,0
60,11,20,0,0,0,0,0,0,0,0,0
11,0,0,0,0,0,0,0,0,0,0,0
25,58,0,0,0,0,0,0,0,0,0,0
60,25,55,0,0,0,0,0,0,0,0,0
60,0,0,0,0,0,0,0,0,0,0,0
60,14,0,0,0,0,0,0,0,0,0,0
58,60,0,0,0,0,0,0,0,0,0,0
60,44,21,0,0,0,0,0,0,0,0,0
60,0,0,0,0,0,0,0,0,0,0,0
44,0,0,0,0,0,0,0,0,0,0,0
13,58,0,0,0,0,0,0,0,0,0,0
14,44,13,25,0,0,0,0,0,0,0,0
44,0,0,0,0,0,0,0,0,0,0,0
19,61,60,13,55,0,0,0,0,0,0,0
47,60,31,55,0,0,0,0,0,0,0,0
42,11,0,0,0,0,0,0,0,0,0,0
21,25,31,14,60,37,13,61,0,0,0,0
25,11,28,60,29,0,0,0,0,0,0,0
21,11,61,2,0,0,0,0,0,0,0,0
48,24,0,0,0,0,0,0,0,0,0,0
21,24,11,48,0,0,0,0,0,0,0,0
59,61,11,0,0,0,0,0,0,0,0,0
60,59,51,0,0,0,0,0,0,0,0,0
48,11,60,0,0,0,0,0,0,0,0,0
8,49,0,0,0,0,0,0,0,0,0,0
24,35,14,0,0,0,0,0,0,0,0,0
10,0,0,0,0,0,0,0,0,0,0,0
59,17,49,48,0,0,0,0,0,0,0,0
25,49,0,0,0,0,0,0,0,0,0,0
35,48,11,60,28,0,0,0,0,0,0,0
11,12,61,0,0,0,0,0,0,0,0,0
14,13,60,0,0,0,0,0,0,0,0,0
53,0,0,0,0,0,0,0,0,0,0,0
11,60,9,48,44,0,0,0,0,0,0,0
25,0,0,0,0,0,0,0,0,0,0,0
11,0,0,0,0,0,0,0,0,0,0,0
25,31,0,0,0,0,0,0,0,0,0,0
48,60,0,0,0,0,0,0,0,0,0,0
60,0,0,0,0,0,0,0,0,0,0,0
11,0,0,0,0,0,0,0,0,0,0,0
21,14,37,0,0,0,0,0,0,0,0,0
49,0,0,0,0,0,0,0,0,0,0,0
60,0,0,0,0,0,0,0,0,0,0,0
37,55,11,0,0,0,0,0,0,0,0,0
41,57,0,0,0,0,0,0,0,0,0,0
48,62,0,0,0,0,0,0,0,0,0,0
51,60,0,0,0,0,0,0,0,0,0,0
57,28,25,60,53,0,0,0,0,0,0,0
17,0,0,0,0,0,0,0,0,0,0,0
25,13,60,48,11,37,28,0,0,0,0,0
35,0,0,0,0,0,0,0,0,0,0,0
14,0,0,0,0,0,0,0,0,0,0,0
25,0,0,0,0,0,0,0,0,0,0,0
37,60,42,13,11,14,55,0,0,0,0,0
58,11,0,0,0,0,0,0,0,0,0,0
58,37,47,13,0,0,0,0,0,0,0,0
60,51,58,0,0,0,0,0,0,0,0,0
48,0,0,0,0,0,0,0,0,0,0,0
60,11,21,0,0,0,0,0,0,0,0,0
60,25,13,0,0,0,0,0,0,0,0,0
13,25,0,0,0,0,0,0,0,0,0,0
37,60,0,0,0,0,0,0,0,0,0,0
13,34,14,11,0,0,0,0,0,0,0,0
25,29,19,48,60,37,44,0,0,0,0,0
11,17,61,28,0,0,0,0,0,0,0,0
60,21,19,0,0,0,0,0,0,0,0,0
11,0,0,0,0,0,0,0,0,0,0,0
29,60,11,0,0,0,0,0,0,0,0,0
37,0,0,0,0,0,0,0,0,0,0,0
60,14,37,0,0,0,0,0,0,0,0,0
13,25,60,37,9,19,44,21,23,0,0,0
58,25,0,0,0,0,0,0,0,0,0,0
25,13,0,0,0,0,0,0,0,0,0,0
13,37,60,61,0,0,0,0,0,0,0,0
11,0,0,0,0,0,0,0,0,0,0,0
37,0,0,0,0,0,0,0,0,0,0,0
11,0,0,0,0,0,0,0,0,0,0,0
47,60,0,0,0,0,0,0,0,0,0,0
60,0,0,0,0,0,0,0,0,0,0,0
60,52,48,11,0,0,0,0,0,0,0,0
48,11,0,0,0,0,0,0,0,0,0,0
60,0,0,0,0,0,0,0,0,0,0,0
60,11,17,26,13,44,0,0,0,0,0,0
54,37,0,0,0,0,0,0,0,0,0,0
17,61,44,11,0,0,0,0,0,0,0,0
60,11,0,0,0,0,0,0,0,0,0,0
9,48,60,11,0,0,0,0,0,0,0,0
11,17,0,0,0,0,0,0,0,0,0,0
60,0,0,0,0,0,0,0,0,0,0,0
48,11,18,0,0,0,0,0,0,0,0,0
13,58,0,0,0,0,0,0,0,0,0,0
58,60,43,0,0,0,0,0,0,0,0,0
60,58,35,48,0,0,0,0,0,0,0,0
60,35,0,0,0,0,0,0,0,0,0,0
60,4,48,0,0,0,0,0,0,0,0,0
60,52,0,0,0,0,0,0,0,0,0,0
60,61,0,0,0,0,0,0,0,0,0,0
61,48,59,11,60,0,0,0,0,0,0,0
11,34,55,47,0,0,0,0,0,0,0,0
17,11,28,48,51,21,0,0,0,0,0,0
58,13,44,11,21,0,0,0,0,0,0,0
20,61,11,0,0,0,0,0,0,0,0,0
60,0,0,0,0,0,0,0,0,0,0,0
60,48,0,0,0,0,0,0,0,0,0,0
60,0,0,0,0,0,0,0,0,0,0,0
48,11,42,0,0,0,0,0,0,0,0,0
7,11,48,0,0,0,0,0,0,0,0,0
11,51,0,0,0,0,0,0,0,0,0,0
14,60,53,0,0,0,0,0,0,0,0,0
11,13,41,0,0,0,0,0,0,0,0,0
11,21,0,0,0,0,0,0,0,0,0,0
60,11,28,17,0,0,0,0,0,0,0,0
60,11,13,58,0,0,0,0,0,0,0,0
44,37,0,0,0,0,0,0,0,0,0,0
9,11,0,0,0,0,0,0,0,0,0,0
11,48,0,0,0,0,0,0,0,0,0,0
11,0,0,0,0,0,0,0,0,0,0,0
13,25,37,0,0,0,0,0,0,0,0,0
48,3,21,0,0,0,0,0,0,0,0,0
14,11,0,0,0,0,0,0,0,0,0,0
55,60,0,0,0,0,0,0,0,0,0,0
11,14,0,0,0,0,0,0,0,0,0,0
17,11,28,0,0,0,0,0,0,0,0,0
3,4,0,0,0,0,0,0,0,0,0,0
11,0,0,0,0,0,0,0,0,0,0,0
42,51,49,11,48,27,0,0,0,0,0,0
14,60,61,13,0,0,0,0,0,0,0,0
48,3,60,21,61,0,0,0,0,0,0,0
60,28,0,0,0,0,0,0,0,0,0,0
51,0,0,0,0,0,0,0,0,0,0,0
53,0,0,0,0,0,0,0,0,0,0,0
60,25,0,0,0,0,0,0,0,0,0,0
28,11,0,0,0,0,0,0,0,0,0,0
13,0,0,0,0,0,0,0,0,0,0,0
48,0,0,0,0,0,0,0,0,0,0,0
49,0,0,0,0,0,0,0,0,0,0,0
11,61,0,0,0,0,0,0,0,0,0,0
14,13,0,0,0,0,0,0,0,0,0,0
60,11,14,0,0,0,0,0,0,0,0,0
60,19,55,0,0,0,0,0,0,0,0,0
17,11,21,60,0,0,0,0,0,0,0,0
42,0,0,0,0,0,0,0,0,0,0,0
48,21,0,0,0,0,0,0,0,0,0,0
60,49,11,0,0,0,0,0,0,0,0,0
11,28,48,60,0,0,0,0,0,0,0,0
11,25,44,21,0,0,0,0,0,0,0,0
11,35,0,0,0,0,0,0,0,0,0,0
48,3,0,0,0,0,0,0,0,0,0,0
48,53,11,18,60,0,0,0,0,0,0,0
11,21,0,0,0,0,0,0,0,0,0,0
25,0,0,0,0,0,0,0,0,0,0,0
49,0,0,0,0,0,0,0,0,0,0,0
11,0,0,0,0,0,0,0,0,0,0,0
11,61,28,0,0,0,0,0,0,0,0,0
35,17,11,48,21,38,0,0,0,0,0,0
42,0,0,0,0,0,0,0,0,0,0,0
17,0,0,0,0,0,0,0,0,0,0,0
11,60,21,0,0,0,0,0,0,0,0,0
11,13,55,0,0,0,0,0,0,0,0,0
37,0,0,0,0,0,0,0,0,0,0,0
60,0,0,0,0,0,0,0,0,0,0,0
49,51,0,0,0,0,0,0,0,0,0,0
21,11,0,0,0,0,0,0,0,0,0,0
29,20,0,0,0,0,0,0,0,0,0,0
11,60,0,0,0,0,0,0,0,0,0,0
44,1,11,48,42,0,0,0,0,0,0,0
11,60,24,0,0,0,0,0,0,0,0,0
25,0,0,0,0,0,0,0,0,0,0,0
60,0,0,0,0,0,0,0,0,0,0,0
2,0,0,0,0,0,0,0,0,0,0,0
37,55,60,41,0,0,0,0,0,0,0,0
11,60,18,48,0,0,0,0,0,0,0,0
28,11,61,60,0,0,0,0,0,0,0,0
48,0,0,0,0,0,0,0,0,0,0,0
37,0,0,0,0,0,0,0,0,0,0,0
21,29,43,55,11,25,0,0,0,0,0,0
11,14,49,59,0,0,0,0,0,0,0,0
11,48,18,58,0,0,0,0,0,0,0,0
48,0,0,0,0,0,0,0,0,0,0,0
9,57,53,0,0,0,0,0,0,0,0,0
48,61,0,0,0,0,0,0,0,0,0,0
21,11,60,61,0,0,0,0,0,0,0,0
60,0,0,0,0,0,0,0,0,0,0,0
60,0,0,0,0,0,0,0,0,0,0,0
60,48,61,0,0,0,0,0,0,0,0,0
52,0,0,0,0,0,0,0,0,0,0,0
61,49,4,11,48,0,0,0,0,0,0,0
14,60,29,21,11,61,25,4,28,44,0,0
60,48,35,0,0,0,0,0,0,0,0,0
17,48,11,0,0,0,0,0,0,0,0,0
11,28,14,21,25,60,0,0,0,0,0,0
11,0,0,0,0,0,0,0,0,0,0,0
49,42,11,0,0,0,0,0,0,0,0,0
42,0,0,0,0,0,0,0,0,0,0,0
58,60,14,55,0,0,0,0,0,0,0,0
60,12,48,11,49,61,0,0,0,0,0,0
17,18,12,60,11,4,38,0,0,0,0,0
61,4,53,0,0,0,0,0,0,0,0,0
11,0,0,0,0,0,0,0,0,0,0,0
60,48,0,0,0,0,0,0,0,0,0,0
48,11,0,0,0,0,0,0,0,0,0,0
3,0,0,0,0,0,0,0,0,0,0,0
53,11,0,0,0,0,0,0,0,0,0,0
61,11,42,17,0,0,0,0,0,0,0,0
11,60,59,48,63,49,9,35,0,0,0,0
48,0,0,0,0,0,0,0,0,0,0,0
13,0,0,0,0,0,0,0,0,0,0,0
51,0,0,0,0,0,0,0,0,0,0,0
11,0,0,0,0,0,0,0,0,0,0,0
48,11,0,0,0,0,0,0,0,0,0,0
57,48,0,0,0,0,0,0,0,0,0,0
25,0,0,0,0,0,0,0,0,0,0,0
48,21,11,4,35,0,0,0,0,0,0,0
48,0,0,0,0,0,0,0,0,0,0,0
11,48,0,0,0,0,0,0,0,0,0,0
53,19,48,22,57,0,0,0,0,0,0,0
28,11,61,14,35,21,0,0,0,0,0,0
11,24,0,0,0,0,0,0,0,0,0,0
28,48,0,0,0,0,0,0,0,0,0,0
51,11,0,0,0,0,0,0,0,0,0,0
13,0,0,0,0,0,0,0,0,0,0,0
9,63,0,0,0,0,0,0,0,0,0,0
25,11,58,20,0,0,0,0,0,0,0,0
60,38,48,9,53,0,0,0,0,0,0,0
55,60,0,0,0,0,0,0,0,0,0,0
13,51,17,48,21,0,0,0,0,0,0,0
25,14,58,34,37,60,55,13,0,0,0,0
58,29,0,0,0,0,0,0,0,0,0,0
18,57,0,0,0,0,0,0,0,0,0,0
60,0,0,0,0,0,0,0,0,0,0,0
11,61,0,0,0,0,0,0,0,0,0,0
1,0,0,0,0,0,0,0,0,0,0,0
53,22,41,0,0,0,0,0,0,0,0,0
24,48,0,0,0,0,0,0,0,0,0,0
42,60,0,0,0,0,0,0,0,0,0,0
11,60,0,0,0,0,0,0,0,0,0,0
9,11,48,0,0,0,0,0,0,0,0,0
35,17,24,49,0,0,0,0,0,0,0,0
18,48,0,0,0,0,0,0,0,0,0,0
25,60,0,0,0,0,0,0,0,0,0,0
60,0,0,0,0,0,0,0,0,0,0,0
2,41,60,0,0,0,0,0,0,0,0,0
14,47,0,0,0,0,0,0,0,0,0,0
17,0,0,0,0,0,0,0,0,0,0,0
11,0,0,0,0,0,0,0,0,0,0,0
11,0,0,0,0,0,0,0,0,0,0,0
48,60,41,0,0,0,0,0,0,0,0,0
60,11,0,0,0,0,0,0,0,0,0,0
12,60,0,0,0,0,0,0,0,0,0,0
14,11,0,0,0,0,0,0,0,0,0,0
41,0,0,0,0,0,0,0,0,0,0,0
25,0,0,0,0,0,0,0,0,0,0,0
60,48,21,47,58,0,0,0,0,0,0,0
60,29,0,0,0,0,0,0,0,0,0,0
58,11,0,0,0,0,0,0,0,0,0,0
60,55,0,0,0,0,0,0,0,0,0,0
37,0,0,0,0,0,0,0,0,0,0,0
26,44,60,11,48,0,0,0,0,0,0,0
60,11,0,0,0,0,0,0,0,0,0,0
60,4,0,0,0,0,0,0,0,0,0,0
60,38,0,0,0,0,0,0,0,0,0,0
41,11,0,0,0,0,0,0,0,0,0,0
58,0,0,0,0,0,0,0,0,0,0,0
55,60,14,11,0,0,0,0,0,0,0,0
1,44,21,0,0,0,0,0,0,0,0,0
48,44,53,0,0,0,0,0,0,0,0,0
48,42,28,59,60,0,0,0,0,0,0,0
58,0,0,0,0,0,0,0,0,0,0,0
48,53,60,26,11,38,0,0,0,0,0,0
48,0,0,0,0,0,0,0,0,0,0,0
48,28,11,0,0,0,0,0,0,0,0,0
58,29,0,0,0,0,0,0,0,0,0,0
53,48,0,0,0,0,0,0,0,0,0,0
53,42,60,0,0,0,0,0,0,0,0,0
17,60,0,0,0,0,0,0,0,0,0,0
11,61,17,0,0,0,0,0,0,0,0,0
61,51,28,0,0,0,0,0,0,0,0,0
48,0,0,0,0,0,0,0,0,0,0,0
17,0,0,0,0,0,0,0,0,0,0,0
60,44,29,0,0,0,0,0,0,0,0,0
14,60,55,25,41,21,19,11,0,0,0,0
33,31,14,34,60,21,0,0,0,0,0,0
14,55,29,0,0,0,0,0,0,0,0,0
58,21,25,0,0,0,0,0,0,0,0,0
55,13,37,21,0,0,0,0,0,0,0,0
43,60,0,0,0,0,0,0,0,0,0,0
25,11,0,0,0,0,0,0,0,0,0,0
53,60,0,0,0,0,0,0,0,0,0,0
14,11,0,0,0,0,0,0,0,0,0,0
37,2,0,0,0,0,0,0,0,0,0,0
37,0,0,0,0,0,0,0,0,0,0,0
14,48,0,0,0,0,0,0,0,0,0,0
60,48,11,61,0,0,0,0,0,0,0,0
11,21,0,0,0,0,0,0,0,0,0,0
60,50,0,0,0,0,0,0,0,0,0,0
60,21,61,0,0,0,0,0,0,0,0,0
35,17,0,0,0,0,0,0,0,0,0,0
60,61,0,0,0,0,0,0,0,0,0,0
21,0,0,0,0,0,0,0,0,0,0,0
60,48,11,41,38,0,0,0,0,0,0,0
48,1,60,4,7,0,0,0,0,0,0,0
48,60,61,4,28,0,0,0,0,0,0,0
11,60,17,0,0,0,0,0,0,0,0,0
3,11,0,0,0,0,0,0,0,0,0,0
11,44,60,0,0,0,0,0,0,0,0,0
11,0,0,0,0,0,0,0,0,0,0,0
52,11,53,0,0,0,0,0,0,0,0,0
48,60,11,35,61,0,0,0,0,0,0,0
4,0,0,0,0,0,0,0,0,0,0,0
57,62,0,0,0,0,0,0,0,0,0,0
61,48,60,28,11,0,0,0,0,0,0,0
11,0,0,0,0,0,0,0,0,0,0,0
60,0,0,0,0,0,0,0,0,0,0,0
60,0,0,0,0,0,0,0,0,0,0,0
53,11,60,4,54,21,0,0,0,0,0,0
48,12,53,18,60,52,0,0,0,0,0,0
57,3,48,24,0,0,0,0,0,0,0,0
11,0,0,0,0,0,0,0,0,0,0,0
11,0,0,0,0,0,0,0,0,0,0,0
60,48,61,53,52,0,0,0,0,0,0,0
35,60,0,0,0,0,0,0,0,0,0,0
53,48,0,0,0,0,0,0,0,0,0,0
11,60,0,0,0,0,0,0,0,0,0,0
53,0,0,0,0,0,0,0,0,0,0,0
18,0,0,0,0,0,0,0,0,0,0,0
61,48,0,0,0,0,0,0,0,0,0,0
60,0,0,0,0,0,0,0,0,0,0,0
11,0,0,0,0,0,0,0,0,0,0,0
17,0,0,0,0,0,0,0,0,0,0,0
29,23,28,21,0,0,0,0,0,0,0,0
60,0,0,0,0,0,0,0,0,0,0,0
48,60,0,0,0,0,0,0,0,0,0,0
61,41,60,0,0,0,0,0,0,0,0,0
48,11,61,0,0,0,0,0,0,0,0,0
60,20,28,13,37,25,31,11,29,0,0,0
11,21,29,14,0,0,0,0,0,0,0,0
11,60,14,58,0,0,0,0,0,0,0,0
14,43,0,0,0,0,0,0,0,0,0,0
61,11,0,0,0,0,0,0,0,0,0,0
11,0,0,0,0,0,0,0,0,0,0,0
60,48,4,53,0,0,0,0,0,0,0,0
60,21,14,0,0,0,0,0,0,0,0,0
60,31,0,0,0,0,0,0,0,0,0,0
21,0,0,0,0,0,0,0,0,0,0,0
14,0,0,0,0,0,0,0,0,0,0,0
60,55,0,0,0,0,0,0,0,0,0,0
14,21,0,0,0,0,0,0,0,0,0,0
14,11,61,0,0,0,0,0,0,0,0,0
55,11,0,0,0,0,0,0,0,0,0,0
34,60,14,37,31,0,0,0,0,0,0,0
25,37,55,58,0,0,0,0,0,0,0,0
21,11,14,43,29,0,0,0,0,0,0,0
60,0,0,0,0,0,0,0,0,0,0,0
58,55,0,0,0,0,0,0,0,0,0,0
13,37,0,0,0,0,0,0,0,0,0,0
31,0,0,0,0,0,0,0,0,0,0,0
11,37,21,0,0,0,0,0,0,0,0,0
1,25,0,0,0,0,0,0,0,0,0,0
14,13,0,0,0,0,0,0,0,0,0,0
25,11,44,0,0,0,0,0,0,0,0,0
53,13,20,37,0,0,0,0,0,0,0,0
14,25,11,0,0,0,0,0,0,0,0,0
60,53,7,4,35,0,0,0,0,0,0,0
60,0,0,0,0,0,0,0,0,0,0,0
37,61,54,44,31,55,11,13,60,0,0,0
13,60,0,0,0,0,0,0,0,0,0,0
35,37,61,14,60,34,0,0,0,0,0,0
60,11,58,0,0,0,0,0,0,0,0,0
48,0,0,0,0,0,0,0,0,0,0,0
44,11,0,0,0,0,0,0,0,0,0,0
13,60,25,0,0,0,0,0,0,0,0,0
55,21,11,2,0,0,0,0,0,0,0,0
44,21,0,0,0,0,0,0,0,0,0,0
11,60,0,0,0,0,0,0,0,0,0,0
60,0,0,0,0,0,0,0,0,0,0,0
60,0,0,0,0,0,0,0,0,0,0,0
14,0,0,0,0,0,0,0,0,0,0,0
13,0,0,0,0,0,0,0,0,0,0,0
11,37,0,0,0,0,0,0,0,0,0,0
11,24,0,0,0,0,0,0,0,0,0,0
13,0,0,0,0,0,0,0,0,0,0,0
13,60,0,0,0,0,0,0,0,0,0,0
25,0,0,0,0,0,0,0,0,0,0,0
37,54,0,0,0,0,0,0,0,0,0,0
13,11,60,25,0,0,0,0,0,0,0,0
44,0,0,0,0,0,0,0,0,0,0,0
37,0,0,0,0,0,0,0,0,0,0,0
11,0,0,0,0,0,0,0,0,0,0,0
48,0,0,0,0,0,0,0,0,0,0,0
55,0,0,0,0,0,0,0,0,0,0,0
55,0,0,0,0,0,0,0,0,0,0,0
55,43,21,29,60,58,37,0,0,0,0,0
44,11,0,0,0,0,0,0,0,0,0,0
14,0,0,0,0,0,0,0,0,0,0,0
55,41,37,21,11,0,0,0,0,0,0,0
34,25,0,0,0,0,0,0,0,0,0,0
60,58,29,0,0,0,0,0,0,0,0,0
21,0,0,0,0,0,0,0,0,0,0,0
21,13,11,25,60,0,0,0,0,0,0,0
60,57,0,0,0,0,0,0,0,0,0,0
11,21,37,58,0,0,0,0,0,0,0,0
55,31,0,0,0,0,0,0,0,0,0,0
25,28,0,0,0,0,0,0,0,0,0,0
11,0,0,0,0,0,0,0,0,0,0,0
14,11,0,0,0,0,0,0,0,0,0,0
44,14,0,0,0,0,0,0,0,0,0,0
60,14,21,0,0,0,0,0,0,0,0,0
60,11,0,0,0,0,0,0,0,0,0,0
11,0,0,0,0,0,0,0,0,0,0,0
21,0,0,0,0,0,0,0,0,0,0,0
13,0,0,0,0,0,0,0,0,0,0,0
25,11,55,37,0,0,0,0,0,0,0,0
18,0,0,0,0,0,0,0,0,0,0,0
57,11,0,0,0,0,0,0,0,0,0,0
28,9,57,0,0,0,0,0,0,0,0,0
31,58,0,0,0,0,0,0,0,0,0,0
11,60,0,0,0,0,0,0,0,0,0,0
60,0,0,0,0,0,0,0,0,0,0,0
48,60,61,0,0,0,0,0,0,0,0,0
61,11,48,62,35,60,21,17,14,51,0,0
42,38,0,0,0,0,0,0,0,0,0,0
28,17,41,0,0,0,0,0,0,0,0,0
60,0,0,0,0,0,0,0,0,0,0,0
48,9,0,0,0,0,0,0,0,0,0,0
14,37,13,0,0,0,0,0,0,0,0,0
11,0,0,0,0,0,0,0,0,0,0,0
48,0,0,0,0,0,0,0,0,0,0,0
11,49,51,61,0,0,0,0,0,0,0,0
21,0,0,0,0,0,0,0,0,0,0,0
48,11,51,0,0,0,0,0,0,0,0,0
48,0,0,0,0,0,0,0,0,0,0,0
60,58,0,0,0,0,0,0,0,0,0,0
60,0,0,0,0,0,0,0,0,0,0,0
11,48,18,0,0,0,0,0,0,0,0,0
55,21,0,0,0,0,0,0,0,0,0,0
55,0,0,0,0,0,0,0,0,0,0,0
14,0,0,0,0,0,0,0,0,0,0,0
13,0,0,0,0,0,0,0,0,0,0,0
60,11,0,0,0,0,0,0,0,0,0,0
44,60,58,0,0,0,0,0,0,0,0,0
55,25,0,0,0,0,0,0,0,0,0,0
43,29,11,14,44,61,0,0,0,0,0,0
55,20,11,37,0,0,0,0,0,0,0,0
55,11,60,29,14,0,0,0,0,0,0,0
13,14,60,43,25,41,0,0,0,0,0,0
25,0,0,0,0,0,0,0,0,0,0,0
14,9,0,0,0,0,0,0,0,0,0,0
60,0,0,0,0,0,0,0,0,0,0,0
11,0,0,0,0,0,0,0,0,0,0,0
37,25,0,0,0,0,0,0,0,0,0,0
55,37,13,29,0,0,0,0,0,0,0,0
20,55,0,0,0,0,0,0,0,0,0,0
60,48,11,62,38,3,41,0,0,0,0,0
51,3,48,0,0,0,0,0,0,0,0,0
11,0,0,0,0,0,0,0,0,0,0,0
53,60,7,0,0,0,0,0,0,0,0,0
11,0,0,0,0,0,0,0,0,0,0,0
48,7,60,0,0,0,0,0,0,0,0,0
11,25,61,0,0,0,0,0,0,0,0,0
60,0,0,0,0,0,0,0,0,0,0,0
53,7,62,48,0,0,0,0,0,0,0,0
4,52,48,0,0,0,0,0,0,0,0,0
11,38,61,0,0,0,0,0,0,0,0,0
12,48,0,0,0,0,0,0,0,0,0,0
28,0,0,0,0,0,0,0,0,0,0,0
44,43,60,29,0,0,0,0,0,0,0,0
48,0,0,0,0,0,0,0,0,0,0,0
60,54,0,0,0,0,0,0,0,0,0,0
11,9,0,0,0,0,0,0,0,0,0,0
52,0,0,0,0,0,0,0,0,0,0,0
35,60,0,0,0,0,0,0,0,0,0,0
60,48,35,0,0,0,0,0,0,0,0,0
60,44,11,61,14,0,0,0,0,0,0,0
2,29,14,0,0,0,0,0,0,0,0,0
11,0,0,0,0,0,0,0,0,0,0,0
9,0,0,0,0,0,0,0,0,0,0,0
48,1,60,11,0,0,0,0,0,0,0,0
51,53,3,60,0,0,0,0,0,0,0,0
31,14,55,60,0,0,0,0,0,0,0,0
55,14,0,0,0,0,0,0,0,0,0,0
48,18,0,0,0,0,0,0,0,0,0,0
60,53,0,0,0,0,0,0,0,0,0,0
11,18,35,48,60,7,9,0,0,0,0,0
60,0,0,0,0,0,0,0,0,0,0,0
22,0,0,0,0,0,0,0,0,0,0,0
53,0,0,0,0,0,0,0,0,0,0,0
35,48,0,0,0,0,0,0,0,0,0,0
60,9,11,0,0,0,0,0,0,0,0,0
58,48,60,0,0,0,0,0,0,0,0,0
11,0,0,0,0,0,0,0,0,0,0,0
60,11,0,0,0,0,0,0,0,0,0,0
48,0,0,0,0,0,0,0,0,0,0,0
44,60,0,0,0,0,0,0,0,0,0,0
48,9,12,35,0,0,0,0,0,0,0,0
25,11,55,37,0,0,0,0,0,0,0,0
48,52,61,0,0,0,0,0,0,0,0,0
53,11,0,0,0,0,0,0,0,0,0,0
55,0,0,0,0,0,0,0,0,0,0,0
60,48,0,0,0,0,0,0,0,0,0,0
38,9,48,0,0,0,0,0,0,0,0,0
48,0,0,0,0,0,0,0,0,0,0,0
58,60,54,37,0,0,0,0,0,0,0,0
53,48,0,0,0,0,0,0,0,0,0,0
35,61,0,0,0,0,0,0,0,0,0,0
9,51,0,0,0,0,0,0,0,0,0,0
48,35,0,0,0,0,0,0,0,0,0,0
4,0,0,0,0,0,0,0,0,0,0,0
60,50,0,0,0,0,0,0,0,0,0,0
60,44,11,61,0,0,0,0,0,0,0,0
60,52,0,0,0,0,0,0,0,0,0,0
21,0,0,0,0,0,0,0,0,0,0,0
14,60,21,37,48,0,0,0,0,0,0,0
11,29,0,0,0,0,0,0,0,0,0,0
60,11,0,0,0,0,0,0,0,0,0,0
14,55,11,29,41,0,0,0,0,0,0,0
58,11,0,0,0,0,0,0,0,0,0,0
41,0,0,0,0,0,0,0,0,0,0,0
9,12,0,0,0,0,0,0,0,0,0,0
44,60,1,0,0,0,0,0,0,0,0,0
21,11,60,28,14,0,0,0,0,0,0,0
48,0,0,0,0,0,0,0,0,0,0,0
48,28,11,60,0,0,0,0,0,0,0,0
60,20,0,0,0,0,0,0,0,0,0,0
54,0,0,0,0,0,0,0,0,0,0,0
21,13,55,11,0,0,0,0,0,0,0,0
44,14,0,0,0,0,0,0,0,0,0,0
55,58,0,0,0,0,0,0,0,0,0,0
37,14,0,0,0,0,0,0,0,0,0,0
14,48,33,0,0,0,0,0,0,0,0,0
60,0,0,0,0,0,0,0,0,0,0,0
58,13,0,0,0,0,0,0,0,0,0,0
13,0,0,0,0,0,0,0,0,0,0,0
14,13,60,0,0,0,0,0,0,0,0,0
30,60,0,0,0,0,0,0,0,0,0,0
60,21,0,0,0,0,0,0,0,0,0,0
25,31,0,0,0,0,0,0,0,0,0,0
44,11,14,0,0,0,0,0,0,0,0,0
60,25,0,0,0,0,0,0,0,0,0,0
21,14,0,0,0,0,0,0,0,0,0,0
61,55,21,25,0,0,0,0,0,0,0,0
55,37,42,0,0,0,0,0,0,0,0,0
25,31,0,0,0,0,0,0,0,0,0,0
55,60,0,0,0,0,0,0,0,0,0,0
60,53,61,17,0,0,0,0,0,0,0,0
11,50,48,0,0,0,0,0,0,0,0,0
35,60,26,0,0,0,0,0,0,0,0,0
11,48,60,21,0,0,0,0,0,0,0,0
42,11,28,0,0,0,0,0,0,0,0,0
48,51,9,60,0,0,0,0,0,0,0,0
48,60,0,0,0,0,0,0,0,0,0,0
60,7,0,0,0,0,0,0,0,0,0,0
17,14,0,0,0,0,0,0,0,0,0,0
60,0,0,0,0,0,0,0,0,0,0,0
60,61,0,0,0,0,0,0,0,0,0,0
48,61,11,0,0,0,0,0,0,0,0,0
11,60,61,48,9,4,0,0,0,0,0,0
48,11,60,17,49,0,0,0,0,0,0,0
48,60,57,53,0,0,0,0,0,0,0,0
35,60,3,11,48,0,0,0,0,0,0,0
48,0,0,0,0,0,0,0,0,0,0,0
48,60,0,0,0,0,0,0,0,0,0,0
11,21,0,0,0,0,0,0,0,0,0,0
25,0,0,0,0,0,0,0,0,0,0,0
48,29,0,0,0,0,0,0,0,0,0,0
57,60,9,22,0,0,0,0,0,0,0,0
48,7,61,11,38,41,0,0,0,0,0,0
35,48,63,24,0,0,0,0,0,0,0,0
61,0,0,0,0,0,0,0,0,0,0,0
60,11,44,0,0,0,0,0,0,0,0,0
11,0,0,0,0,0,0,0,0,0,0,0
11,44,60,61,29,2,48,0,0,0,0,0
11,0,0,0,0,0,0,0,0,0,0,0
60,14,0,0,0,0,0,0,0,0,0,0
11,0,0,0,0,0,0,0,0,0,0,0
57,38,0,0,0,0,0,0,0,0,0,0
4,0,0,0,0,0,0,0,0,0,0,0
13,60,44,0,0,0,0,0,0,0,0,0
52,55,13,60,37,14,25,3,0,0,0,0
44,0,0,0,0,0,0,0,0,0,0,0
29,60,13,25,0,0,0,0,0,0,0,0
14,0,0,0,0,0,0,0,0,0,0,0
19,21,25,14,0,0,0,0,0,0,0,0
60,44,0,0,0,0,0,0,0,0,0,0
60,50,0,0,0,0,0,0,0,0,0,0
47,0,0,0,0,0,0,0,0,0,0,0
11,2,0,0,0,0,0,0,0,0,0,0
11,61,48,0,0,0,0,0,0,0,0,0
58,11,0,0,0,0,0,0,0,0,0,0
57,29,0,0,0,0,0,0,0,0,0,0
11,0,0,0,0,0,0,0,0,0,0,0
60,11,28,48,0,0,0,0,0,0,0,0
14,60,0,0,0,0,0,0,0,0,0,0
11,61,18,41,0,0,0,0,0,0,0,0
61,0,0,0,0,0,0,0,0,0,0,0
21,60,37,13,0,0,0,0,0,0,0,0
58,42,0,0,0,0,0,0,0,0,0,0
22,0,0,0,0,0,0,0,0,0,0,0
42,0,0,0,0,0,0,0,0,0,0,0
60,11,0,0,0,0,0,0,0,0,0,0
60,11,38,0,0,0,0,0,0,0,0,0
35,0,0,0,0,0,0,0,0,0,0,0
11,0,0,0,0,0,0,0,0,0,0,0
14,60,61,0,0,0,0,0,0,0,0,0
60,58,0,0,0,0,0,0,0,0,0,0
44,58,11,0,0,0,0,0,0,0,0,0
48,0,0,0,0,0,0,0,0,0,0,0
11,60,14,53,48,0,0,0,0,0,0,0
60,4,61,0,0,0,0,0,0,0,0,0
60,11,61,0,0,0,0,0,0,0,0,0
60,25,35,0,0,0,0,0,0,0,0,0
21,0,0,0,0,0,0,0,0,0,0,0
48,57,61,0,0,0,0,0,0,0,0,0
60,0,0,0,0,0,0,0,0,0,0,0
21,60,0,0,0,0,0,0,0,0,0,0
48,60,31,0,0,0,0,0,0,0,0,0
11,0,0,0,0,0,0,0,0,0,0,0
13,21,48,0,0,0,0,0,0,0,0,0
18,0,0,0,0,0,0,0,0,0,0,0
48,57,35,28,0,0,0,0,0,0,0,0
51,18,0,0,0,0,0,0,0,0,0,0
60,25,13,0,0,0,0,0,0,0,0,0
57,48,61,0,0,0,0,0,0,0,0,0
14,0,0,0,0,0,0,0,0,0,0,0
60,22,0,0,0,0,0,0,0,0,0,0
18,52,38,35,48,11,60,0,0,0,0,0
48,0,0,0,0,0,0,0,0,0,0,0
48,60,17,61,51,0,0,0,0,0,0,0
11,48,0,0,0,0,0,0,0,0,0,0
60,11,0,0,0,0,0,0,0,0,0,0
48,0,0,0,0,0,0,0,0,0,0,0
60,0,0,0,0,0,0,0,0,0,0,0
21,60,11,0,0,0,0,0,0,0,0,0
21,48,0,0,0,0,0,0,0,0,0,0
60,0,0,0,0,0,0,0,0,0,0,0
60,11,0,0,0,0,0,0,0,0,0,0
12,48,60,28,9,0,0,0,0,0,0,0
48,11,60,0,0,0,0,0,0,0,0,0
51,48,60,0,0,0,0,0,0,0,0,0
60,17,0,0,0,0,0,0,0,0,0,0
49,0,0,0,0,0,0,0,0,0,0,0
28,12,0,0,0,0,0,0,0,0,0,0
60,51,48,28,0,0,0,0,0,0,0,0
48,24,0,0,0,0,0,0,0,0,0,0
51,14,60,0,0,0,0,0,0,0,0,0
48,60,11,0,0,0,0,0,0,0,0,0
35,0,0,0,0,0,0,0,0,0,0,0
55,11,0,0,0,0,0,0,0,0,0,0
49,0,0,0,0,0,0,0,0,0,0,0
2,11,60,9,14,44,0,0,0,0,0,0
53,48,61,11,9,0,0,0,0,0,0,0
55,25,21,60,0,0,0,0,0,0,0,0
53,48,18,9,11,0,0,0,0,0,0,0
11,0,0,0,0,0,0,0,0,0,0,0
63,0,0,0,0,0,0,0,0,0,0,0
60,55,0,0,0,0,0,0,0,0,0,0
21,14,0,0,0,0,0,0,0,0,0,0
48,35,24,11,63,18,0,0,0,0,0,0
9,61,0,0,0,0,0,0,0,0,0,0
11,53,0,0,0,0,0,0,0,0,0,0
38,0,0,0,0,0,0,0,0,0,0,0
28,48,53,0,0,0,0,0,0,0,0,0
48,11,17,0,0,0,0,0,0,0,0,0
11,48,28,4,60,0,0,0,0,0,0,0
42,11,0,0,0,0,0,0,0,0,0,0
51,35,0,0,0,0,0,0,0,0,0,0
60,0,0,0,0,0,0,0,0,0,0,0
60,11,0,0,0,0,0,0,0,0,0,0
11,14,60,0,0,0,0,0,0,0,0,0
60,35,48,0,0,0,0,0,0,0,0,0
60,41,11,25,1,0,0,0,0,0,0,0
60,0,0,0,0,0,0,0,0,0,0,0
61,60,0,0,0,0,0,0,0,0,0,0
60,11,41,61,21,2,42,4,48,44,28,0
60,0,0,0,0,0,0,0,0,0,0,0
28,0,0,0,0,0,0,0,0,0,0,0
60,0,0,0,0,0,0,0,0,0,0,0
61,0,0,0,0,0,0,0,0,0,0,0
60,41,11,21,0,0,0,0,0,0,0,0
35,48,50,0,0,0,0,0,0,0,0,0
50,60,0,0,0,0,0,0,0,0,0,0
11,60,48,12,0,0,0,0,0,0,0,0
48,11,51,0,0,0,0,0,0,0,0,0
11,35,51,0,0,0,0,0,0,0,0,0
14,11,0,0,0,0,0,0,0,0,0,0
11,0,0,0,0,0,0,0,0,0,0,0
11,48,53,17,60,21,31,42,0,0,0,0
51,60,0,0,0,0,0,0,0,0,0,0
35,61,0,0,0,0,0,0,0,0,0,0
38,57,18,11,0,0,0,0,0,0,0,0
48,60,0,0,0,0,0,0,0,0,0,0
60,0,0,0,0,0,0,0,0,0,0,0
53,0,0,0,0,0,0,0,0,0,0,0
14,52,48,18,57,53,0,0,0,0,0,0
57,48,0,0,0,0,0,0,0,0,0,0
60,11,55,48,50,0,0,0,0,0,0,0
42,0,0,0,0,0,0,0,0,0,0,0
59,0,0,0,0,0,0,0,0,0,0,0
21,48,4,0,0,0,0,0,0,0,0,0
11,35,51,0,0,0,0,0,0,0,0,0
11,48,0,0,0,0,0,0,0,0,0,0
18,0,0,0,0,0,0,0,0,0,0,0
48,11,0,0,0,0,0,0,0,0,0,0
48,0,0,0,0,0,0,0,0,0,0,0
14,61,0,0,0,0,0,0,0,0,0,0
21,0,0,0,0,0,0,0,0,0,0,0
60,0,0,0,0,0,0,0,0,0,0,0
60,0,0,0,0,0,0,0,0,0,0,0
25,0,0,0,0,0,0,0,0,0,0,0
49,48,60,11,0,0,0,0,0,0,0,0
35,42,0,0,0,0,0,0,0,0,0,0
60,0,0,0,0,0,0,0,0,0,0,0
60,0,0,0,0,0,0,0,0,0,0,0
51,0,0,0,0,0,0,0,0,0,0,0
60,0,0,0,0,0,0,0,0,0,0,0
18,0,0,0,0,0,0,0,0,0,0,0
28,0,0,0,0,0,0,0,0,0,0,0
25,58,1,0,0,0,0,0,0,0,0,0
48,0,0,0,0,0,0,0,0,0,0,0
47,55,21,37,0,0,0,0,0,0,0,0
11,0,0,0,0,0,0,0,0,0,0,0
11,17,0,0,0,0,0,0,0,0,0,0
58,0,0,0,0,0,0,0,0,0,0,0
60,48,0,0,0,0,0,0,0,0,0,0
25,14,31,58,0,0,0,0,0,0,0,0
48,41,61,0,0,0,0,0,0,0,0,0
48,57,60,18,0,0,0,0,0,0,0,0
61,0,0,0,0,0,0,0,0,0,0,0
11,0,0,0,0,0,0,0,0,0,0,0
48,14,4,50,0,0,0,0,0,0,0,0
25,60,37,0,0,0,0,0,0,0,0,0
60,58,0,0,0,0,0,0,0,0,0,0
41,21,0,0,0,0,0,0,0,0,0,0
44,1,0,0,0,0,0,0,0,0,0,0
60,11,0,0,0,0,0,0,0,0,0,0
42,21,35,60,0,0,0,0,0,0,0,0
60,51,41,0,0,0,0,0,0,0,0,0
57,60,0,0,0,0,0,0,0,0,0,0
11,0,0,0,0,0,0,0,0,0,0,0
48,11,52,0,0,0,0,0,0,0,0,0
3,0,0,0,0,0,0,0,0,0,0,0
53,48,60,9,35,38,11,61,0,0,0,0
60,38,61,11,51,57,0,0,0,0,0,0
60,11,19,0,0,0,0,0,0,0,0,0
48,0,0,0,0,0,0,0,0,0,0,0
11,52,48,0,0,0,0,0,0,0,0,0
48,60,0,0,0,0,0,0,0,0,0,0
14,60,0,0,0,0,0,0,0,0,0,0
21,11,60,0,0,0,0,0,0,0,0,0
14,21,60,48,0,0,0,0,0,0,0,0
60,29,21,0,0,0,0,0,0,0,0,0
57,48,11,0,0,0,0,0,0,0,0,0
60,0,0,0,0,0,0,0,0,0,0,0
29,0,0,0,0,0,0,0,0,0,0,0
60,25,58,0,0,0,0,0,0,0,0,0
42,0,0,0,0,0,0,0,0,0,0,0
48,0,0,0,0,0,0,0,0,0,0,0
48,49,0,0,0,0,0,0,0,0,0,0
60,12,42,0,0,0,0,0,0,0,0,0
35,61,0,0,0,0,0,0,0,0,0,0
11,0,0,0,0,0,0,0,0,0,0,0
11,17,21,0,0,0,0,0,0,0,0,0
60,11,0,0,0,0,0,0,0,0,0,0
11,60,0,0,0,0,0,0,0,0,0,0
61,0,0,0,0,0,0,0,0,0,0,0
11,60,14,21,61,0,0,0,0,0,0,0
60,11,48,0,0,0,0,0,0,0,0,0
24,52,0,0,0,0,0,0,0,0,0,0
21,14,0,0,0,0,0,0,0,0,0,0
9,28,0,0,0,0,0,0,0,0,0,0
58,55,0,0,0,0,0,0,0,0,0,0
25,60,14,43,44,0,0,0,0,0,0,0
31,0,0,0,0,0,0,0,0,0,0,0
37,11,60,25,55,0,0,0,0,0,0,0
37,25,0,0,0,0,0,0,0,0,0,0
37,25,11,61,13,0,0,0,0,0,0,0
48,53,51,0,0,0,0,0,0,0,0,0
25,11,0,0,0,0,0,0,0,0,0,0
61,11,55,0,0,0,0,0,0,0,0,0
25,14,33,11,29,0,0,0,0,0,0,0
58,14,25,37,13,55,0,0,0,0,0,0
44,58,0,0,0,0,0,0,0,0,0,0
55,0,0,0,0,0,0,0,0,0,0,0
29,60,11,55,0,0,0,0,0,0,0,0
25,37,13,14,60,0,0,0,0,0,0,0
13,55,0,0,0,0,0,0,0,0,0,0
21,11,0,0,0,0,0,0,0,0,0,0
60,14,21,0,0,0,0,0,0,0,0,0
25,44,0,0,0,0,0,0,0,0,0,0
60,0,0,0,0,0,0,0,0,0,0,0
55,0,0,0,0,0,0,0,0,0,0,0
29,55,0,0,0,0,0,0,0,0,0,0
11,0,0,0,0,0,0,0,0,0,0,0
55,31,25,37,11,0,0,0,0,0,0,0
55,0,0,0,0,0,0,0,0,0,0,0
25,29,0,0,0,0,0,0,0,0,0,0
60,2,48,0,0,0,0,0,0,0,0,0
37,13,0,0,0,0,0,0,0,0,0,0
60,0,0,0,0,0,0,0,0,0,0,0
60,0,0,0,0,0,0,0,0,0,0,0
31,60,11,25,0,0,0,0,0,0,0,0
60,14,11,25,29,43,44,0,0,0,0,0
37,14,29,0,0,0,0,0,0,0,0,0
11,35,0,0,0,0,0,0,0,0,0,0
37,60,0,0,0,0,0,0,0,0,0,0
44,11,0,0,0,0,0,0,0,0,0,0
11,61,0,0,0,0,0,0,0,0,0,0
48,51,0,0,0,0,0,0,0,0,0,0
21,0,0,0,0,0,0,0,0,0,0,0
17,49,9,24,0,0,0,0,0,0,0,0
35,57,0,0,0,0,0,0,0,0,0,0
11,17,14,60,21,48,0,0,0,0,0,0
25,60,11,51,0,0,0,0,0,0,0,0
1,11,21,60,61,44,0,0,0,0,0,0
11,41,0,0,0,0,0,0,0,0,0,0
41,11,29,60,44,35,0,0,0,0,0,0
55,0,0,0,0,0,0,0,0,0,0,0
11,14,0,0,0,0,0,0,0,0,0,0
48,0,0,0,0,0,0,0,0,0,0,0
60,11,0,0,0,0,0,0,0,0,0,0
11,61,0,0,0,0,0,0,0,0,0,0
48,0,0,0,0,0,0,0,0,0,0,0
48,60,61,0,0,0,0,0,0,0,0,0
48,2,0,0,0,0,0,0,0,0,0,0
58,55,21,13,14,60,0,0,0,0,0,0
29,48,14,60,11,47,0,0,0,0,0,0
63,3,24,11,0,0,0,0,0,0,0,0
63,11,17,58,0,0,0,0,0,0,0,0
60,11,0,0,0,0,0,0,0,0,0,0
31,21,43,14,58,60,0,0,0,0,0,0
60,53,48,11,57,61,4,22,0,0,0,0
25,13,19,0,0,0,0,0,0,0,0,0
55,25,0,0,0,0,0,0,0,0,0,0
53,38,60,42,0,0,0,0,0,0,0,0
17,11,0,0,0,0,0,0,0,0,0,0
11,28,0,0,0,0,0,0,0,0,0,0
11,48,0,0,0,0,0,0,0,0,0,0
55,60,0,0,0,0,0,0,0,0,0,0
49,48,11,60,0,0,0,0,0,0,0,0
21,53,25,48,41,0,0,0,0,0,0,0
60,0,0,0,0,0,0,0,0,0,0,0
60,14,0,0,0,0,0,0,0,0,0,0
21,0,0,0,0,0,0,0,0,0,0,0
11,14,60,26,0,0,0,0,0,0,0,0
11,0,0,0,0,0,0,0,0,0,0,0
25,13,37,0,0,0,0,0,0,0,0,0
11,60,0,0,0,0,0,0,0,0,0,0
55,13,42,44,60,14,25,0,0,0,0,0
58,23,37,0,0,0,0,0,0,0,0,0
13,37,0,0,0,0,0,0,0,0,0,0
48,9,11,60,0,0,0,0,0,0,0,0
60,61,48,0,0,0,0,0,0,0,0,0
48,11,52,0,0,0,0,0,0,0,0,0
58,0,0,0,0,0,0,0,0,0,0,0
25,0,0,0,0,0,0,0,0,0,0,0
13,14,60,55,0,0,0,0,0,0,0,0
60,0,0,0,0,0,0,0,0,0,0,0
34,0,0,0,0,0,0,0,0,0,0,0
13,0,0,0,0,0,0,0,0,0,0,0
14,0,0,0,0,0,0,0,0,0,0,0
14,58,60,25,0,0,0,0,0,0,0,0
31,37,55,14,0,0,0,0,0,0,0,0
37,0,0,0,0,0,0,0,0,0,0,0
13,11,0,0,0,0,0,0,0,0,0,0
48,23,11,0,0,0,0,0,0,0,0,0
60,42,13,14,31,11,0,0,0,0,0,0
25,0,0,0,0,0,0,0,0,0,0,0
28,60,11,0,0,0,0,0,0,0,0,0
48,60,3,0,0,0,0,0,0,0,0,0
37,60,20,0,0,0,0,0,0,0,0,0
14,37,0,0,0,0,0,0,0,0,0,0
25,29,55,0,0,0,0,0,0,0,0,0
60,0,0,0,0,0,0,0,0,0,0,0
43,55,0,0,0,0,0,0,0,0,0,0
60,0,0,0,0,0,0,0,0,0,0,0
48,53,35,0,0,0,0,0,0,0,0,0
58,61,55,60,0,0,0,0,0,0,0,0
37,11,0,0,0,0,0,0,0,0,0,0
12,14,29,55,37,0,0,0,0,0,0,0
58,0,0,0,0,0,0,0,0,0,0,0
44,60,14,20,58,21,55,43,34,11,29,31
25,60,58,11,0,0,0,0,0,0,0,0
17,14,0,0,0,0,0,0,0,0,0,0
21,55,25,20,0,0,0,0,0,0,0,0
25,0,0,0,0,0,0,0,0,0,0,0
11,28,0,0,0,0,0,0,0,0,0,0
4,0,0,0,0,0,0,0,0,0,0,0
53,24,0,0,0,0,0,0,0,0,0,0
60,14,0,0,0,0,0,0,0,0,0,0
21,0,0,0,0,0,0,0,0,0,0,0
58,0,0,0,0,0,0,0,0,0,0,0
60,48,11,0,0,0,0,0,0,0,0,0
41,0,0,0,0,0,0,0,0,0,0,0
60,0,0,0,0,0,0,0,0,0,0,0
22,53,0,0,0,0,0,0,0,0,0,0
21,11,25,60,29,0,0,0,0,0,0,0
60,9,0,0,0,0,0,0,0,0,0,0
48,17,0,0,0,0,0,0,0,0,0,0
48,60,0,0,0,0,0,0,0,0,0,0
60,0,0,0,0,0,0,0,0,0,0,0
48,51,0,0,0,0,0,0,0,0,0,0
60,0,0,0,0,0,0,0,0,0,0,0
9,60,11,0,0,0,0,0,0,0,0,0
57,0,0,0,0,0,0,0,0,0,0,0
48,0,0,0,0,0,0,0,0,0,0,0
60,37,23,0,0,0,0,0,0,0,0,0
1,11,60,0,0,0,0,0,0,0,0,0
48,28,0,0,0,0,0,0,0,0,0,0
48,0,0,0,0,0,0,0,0,0,0,0
11,0,0,0,0,0,0,0,0,0,0,0
10,21,48,11,0,0,0,0,0,0,0,0
11,35,60,0,0,0,0,0,0,0,0,0
42,41,0,0,0,0,0,0,0,0,0,0
60,48,0,0,0,0,0,0,0,0,0,0
11,60,48,0,0,0,0,0,0,0,0,0
14,60,48,0,0,0,0,0,0,0,0,0
3,60,49,0,0,0,0,0,0,0,0,0
60,61,0,0,0,0,0,0,0,0,0,0
41,0,0,0,0,0,0,0,0,0,0,0
21,44,0,0,0,0,0,0,0,0,0,0
63,12,0,0,0,0,0,0,0,0,0,0
11,48,42,27,2,18,0,0,0,0,0,0
48,63,0,0,0,0,0,0,0,0,0,0
60,11,44,21,14,41,0,0,0,0,0,0
35,11,0,0,0,0,0,0,0,0,0,0
14,11,19,60,0,0,0,0,0,0,0,0
48,11,51,35,49,59,0,0,0,0,0,0
11,17,44,21,0,0,0,0,0,0,0,0
11,0,0,0,0,0,0,0,0,0,0,0
11,14,35,60,21,61,0,0,0,0,0,0
35,60,28,0,0,0,0,0,0,0,0,0
35,11,61,60,0,0,0,0,0,0,0,0
21,60,61,14,0,0,0,0,0,0,0,0
49,63,0,0,0,0,0,0,0,0,0,0
60,0,0,0,0,0,0,0,0,0,0,0
60,11,0,0,0,0,0,0,0,0,0,0
11,28,0,0,0,0,0,0,0,0,0,0
48,0,0,0,0,0,0,0,0,0,0,0
29,11,0,0,0,0,0,0,0,0,0,0
41,60,0,0,0,0,0,0,0,0,0,0
11,60,58,37,55,0,0,0,0,0,0,0
13,0,0,0,0,0,0,0,0,0,0,0
48,11,42,9,0,0,0,0,0,0,0,0
53,61,11,52,0,0,0,0,0,0,0,0
24,11,0,0,0,0,0,0,0,0,0,0
11,49,17,41,0,0,0,0,0,0,0,0
11,0,0,0,0,0,0,0,0,0,0,0
8,48,0,0,0,0,0,0,0,0,0,0
35,11,17,0,0,0,0,0,0,0,0,0
49,35,11,59,60,0,0,0,0,0,0,0
21,51,17,0,0,0,0,0,0,0,0,0
11,60,0,0,0,0,0,0,0,0,0,0
24,48,11,17,60,0,0,0,0,0,0,0
48,17,0,0,0,0,0,0,0,0,0,0
28,60,9,59,0,0,0,0,0,0,0,0
49,42,60,17,0,0,0,0,0,0,0,0
48,0,0,0,0,0,0,0,0,0,0,0
9,0,0,0,0,0,0,0,0,0,0,0
11,48,0,0,0,0,0,0,0,0,0,0
41,12,29,59,49,0,0,0,0,0,0,0
11,61,0,0,0,0,0,0,0,0,0,0
48,60,0,0,0,0,0,0,0,0,0,0
17,11,0,0,0,0,0,0,0,0,0,0
60,0,0,0,0,0,0,0,0,0,0,0
59,0,0,0,0,0,0,0,0,0,0,0
9,49,48,0,0,0,0,0,0,0,0,0
60,11,0,0,0,0,0,0,0,0,0,0
17,12,48,0,0,0,0,0,0,0,0,0
11,0,0,0,0,0,0,0,0,0,0,0
11,0,0,0,0,0,0,0,0,0,0,0
54,51,28,60,0,0,0,0,0,0,0,0
60,0,0,0,0,0,0,0,0,0,0,0
42,11,0,0,0,0,0,0,0,0,0,0
11,14,0,0,0,0,0,0,0,0,0,0
48,61,11,42,60,44,0,0,0,0,0,0
11,35,60,0,0,0,0,0,0,0,0,0
28,48,11,18,0,0,0,0,0,0,0,0
11,0,0,0,0,0,0,0,0,0,0,0
42,0,0,0,0,0,0,0,0,0,0,0
60,0,0,0,0,0,0,0,0,0,0,0
48,11,61,0,0,0,0,0,0,0,0,0
11,60,48,21,8,51,0,0,0,0,0,0
48,11,14,35,0,0,0,0,0,0,0,0
11,51,0,0,0,0,0,0,0,0,0,0
49,48,0,0,0,0,0,0,0,0,0,0
11,48,0,0,0,0,0,0,0,0,0,0
11,35,48,0,0,0,0,0,0,0,0,0
29,49,0,0,0,0,0,0,0,0,0,0
17,48,0,0,0,0,0,0,0,0,0,0
11,0,0,0,0,0,0,0,0,0,0,0
52,24,11,48,49,0,0,0,0,0,0,0
11,42,35,0,0,0,0,0,0,0,0,0
21,28,60,11,0,0,0,0,0,0,0,0
48,62,0,0,0,0,0,0,0,0,0,0
9,11,0,0,0,0,0,0,0,0,0,0
60,0,0,0,0,0,0,0,0,0,0,0
51,0,0,0,0,0,0,0,0,0,0,0
11,41,0,0,0,0,0,0,0,0,0,0
53,60,0,0,0,0,0,0,0,0,0,0
17,0,0,0,0,0,0,0,0,0,0,0
60,61,0,0,0,0,0,0,0,0,0,0
42,0,0,0,0,0,0,0,0,0,0,0
7,0,0,0,0,0,0,0,0,0,0,0
48,7,60,14,0,0,0,0,0,0,0,0
53,48,0,0,0,0,0,0,0,0,0,0
14,60,29,1,21,42,0,0,0,0,0,0
11,60,0,0,0,0,0,0,0,0,0,0
11,60,0,0,0,0,0,0,0,0,0,0
11,44,21,0,0,0,0,0,0,0,0,0
60,48,0,0,0,0,0,0,0,0,0,0
42,0,0,0,0,0,0,0,0,0,0,0
60,11,0,0,0,0,0,0,0,0,0,0
48,0,0,0,0,0,0,0,0,0,0,0
11,60,48,41,29,0,0,0,0,0,0,0
60,11,48,28,0,0,0,0,0,0,0,0
60,0,0,0,0,0,0,0,0,0,0,0
60,48,14,0,0,0,0,0,0,0,0,0
48,38,0,0,0,0,0,0,0,0,0,0
60,57,48,0,0,0,0,0,0,0,0,0
11,60,0,0,0,0,0,0,0,0,0,0
60,14,48,52,0,0,0,0,0,0,0,0
35,0,0,0,0,0,0,0,0,0,0,0
51,0,0,0,0,0,0,0,0,0,0,0
17,18,0,0,0,0,0,0,0,0,0,0
60,11,35,0,0,0,0,0,0,0,0,0
38,59,0,0,0,0,0,0,0,0,0,0
48,0,0,0,0,0,0,0,0,0,0,0
60,61,0,0,0,0,0,0,0,0,0,0
21,60,0,0,0,0,0,0,0,0,0,0
60,38,0,0,0,0,0,0,0,0,0,0
60,48,0,0,0,0,0,0,0,0,0,0
57,0,0,0,0,0,0,0,0,0,0,0
11,0,0,0,0,0,0,0,0,0,0,0
57,18,60,14,48,0,0,0,0,0,0,0
60,48,0,0,0,0,0,0,0,0,0,0
41,0,0,0,0,0,0,0,0,0,0,0
35,0,0,0,0,0,0,0,0,0,0,0
48,0,0,0,0,0,0,0,0,0,0,0
11,48,0,0,0,0,0,0,0,0,0,0
60,48,50,0,0,0,0,0,0,0,0,0
53,48,0,0,0,0,0,0,0,0,0,0
35,4,60,0,0,0,0,0,0,0,0,0
60,48,11,41,61,21,0,0,0,0,0,0
51,61,0,0,0,0,0,0,0,0,0,0
48,60,18,0,0,0,0,0,0,0,0,0
48,0,0,0,0,0,0,0,0,0,0,0
11,53,57,0,0,0,0,0,0,0,0,0
60,48,35,52,18,0,0,0,0,0,0,0
27,4,42,0,0,0,0,0,0,0,0,0
11,53,38,52,57,0,0,0,0,0,0,0
60,48,57,0,0,0,0,0,0,0,0,0
48,0,0,0,0,0,0,0,0,0,0,0
52,48,0,0,0,0,0,0,0,0,0,0
11,0,0,0,0,0,0,0,0,0,0,0
60,0,0,0,0,0,0,0,0,0,0,0
60,61,48,0,0,0,0,0,0,0,0,0
60,7,0,0,0,0,0,0,0,0,0,0
60,48,61,29,0,0,0,0,0,0,0,0
42,0,0,0,0,0,0,0,0,0,0,0
35,0,0,0,0,0,0,0,0,0,0,0
48,61,0,0,0,0,0,0,0,0,0,0
22,0,0,0,0,0,0,0,0,0,0,0
48,11,0,0,0,0,0,0,0,0,0,0
60,31,0,0,0,0,0,0,0,0,0,0
48,18,29,11,0,0,0,0,0,0,0,0
60,17,0,0,0,0,0,0,0,0,0,0
41,0,0,0,0,0,0,0,0,0,0,0
7,60,61,11,0,0,0,0,0,0,0,0
48,60,62,0,0,0,0,0,0,0,0,0
57,17,0,0,0,0,0,0,0,0,0,0
58,60,11,20,0,0,0,0,0,0,0,0
11,48,28,0,0,0,0,0,0,0,0,0
11,61,60,48,41,0,0,0,0,0,0,0
11,13,25,55,37,28,60,20,29,0,0,0
25,60,21,14,0,0,0,0,0,0,0,0
48,60,11,0,0,0,0,0,0,0,0,0
60,11,0,0,0,0,0,0,0,0,0,0
48,17,9,0,0,0,0,0,0,0,0,0
60,48,41,0,0,0,0,0,0,0,0,0
60,0,0,0,0,0,0,0,0,0,0,0
48,51,17,60,0,0,0,0,0,0,0,0
48,60,14,0,0,0,0,0,0,0,0,0
60,42,0,0,0,0,0,0,0,0,0,0
61,60,0,0,0,0,0,0,0,0,0,0
60,9,61,48,51,11,0,0,0,0,0,0
24,60,48,51,18,0,0,0,0,0,0,0
28,60,35,61,0,0,0,0,0,0,0,0
11,48,60,51,35,52,0,0,0,0,0,0
21,0,0,0,0,0,0,0,0,0,0,0
9,0,0,0,0,0,0,0,0,0,0,0
11,51,0,0,0,0,0,0,0,0,0,0
48,35,0,0,0,0,0,0,0,0,0,0
13,21,0,0,0,0,0,0,0,0,0,0
29,14,0,0,0,0,0,0,0,0,0,0
17,11,0,0,0,0,0,0,0,0,0,0
60,35,0,0,0,0,0,0,0,0,0,0
35,0,0,0,0,0,0,0,0,0,0,0
52,0,0,0,0,0,0,0,0,0,0,0
11,61,51,0,0,0,0,0,0,0,0,0
13,58,60,0,0,0,0,0,0,0,0,0
11,0,0,0,0,0,0,0,0,0,0,0
4,0,0,0,0,0,0,0,0,0,0,0
60,11,0,0,0,0,0,0,0,0,0,0
48,60,0,0,0,0,0,0,0,0,0,0
25,51,14,60,0,0,0,0,0,0,0,0
11,0,0,0,0,0,0,0,0,0,0,0
48,0,0,0,0,0,0,0,0,0,0,0
13,0,0,0,0,0,0,0,0,0,0,0
48,0,0,0,0,0,0,0,0,0,0,0
17,60,0,0,0,0,0,0,0,0,0,0
37,60,11,13,55,0,0,0,0,0,0,0
31,21,60,0,0,0,0,0,0,0,0,0
57,11,0,0,0,0,0,0,0,0,0,0
48,60,0,0,0,0,0,0,0,0,0,0
11,55,54,0,0,0,0,0,0,0,0,0
48,18,0,0,0,0,0,0,0,0,0,0
57,0,0,0,0,0,0,0,0,0,0,0
60,11,0,0,0,0,0,0,0,0,0,0
61,48,0,0,0,0,0,0,0,0,0,0
11,9,48,0,0,0,0,0,0,0,0,0
44,24,60,0,0,0,0,0,0,0,0,0
60,31,0,0,0,0,0,0,0,0,0,0
60,11,25,14,0,0,0,0,0,0,0,0
37,60,0,0,0,0,0,0,0,0,0,0
4,17,60,0,0,0,0,0,0,0,0,0
11,60,51,0,0,0,0,0,0,0,0,0
48,60,3,0,0,0,0,0,0,0,0,0
58,29,37,55,0,0,0,0,0,0,0,0
55,0,0,0,0,0,0,0,0,0,0,0
51,48,7,60,35,0,0,0,0,0,0,0
61,0,0,0,0,0,0,0,0,0,0,0
60,55,0,0,0,0,0,0,0,0,0,0
60,0,0,0,0,0,0,0,0,0,0,0
28,60,48,11,0,0,0,0,0,0,0,0
60,0,0,0,0,0,0,0,0,0,0,0
60,0,0,0,0,0,0,0,0,0,0,0
60,11,0,0,0,0,0,0,0,0,0,0
18,61,0,0,0,0,0,0,0,0,0,0
17,0,0,0,0,0,0,0,0,0,0,0
22,57,0,0,0,0,0,0,0,0,0,0
60,14,2,29,0,0,0,0,0,0,0,0
18,48,0,0,0,0,0,0,0,0,0,0
48,60,61,41,11,14,0,0,0,0,0,0
7,48,0,0,0,0,0,0,0,0,0,0
35,29,58,25,0,0,0,0,0,0,0,0
51,60,48,0,0,0,0,0,0,0,0,0
4,0,0,0,0,0,0,0,0,0,0,0
41,48,11,60,0,0,0,0,0,0,0,0
21,0,0,0,0,0,0,0,0,0,0,0
63,0,0,0,0,0,0,0,0,0,0,0
9,0,0,0,0,0,0,0,0,0,0,0
21,11,0,0,0,0,0,0,0,0,0,0
48,11,0,0,0,0,0,0,0,0,0,0
14,0,0,0,0,0,0,0,0,0,0,0
35,9,0,0,0,0,0,0,0,0,0,0
11,0,0,0,0,0,0,0,0,0,0,0
25,14,11,2,44,0,0,0,0,0,0,0
11,48,0,0,0,0,0,0,0,0,0,0
50,4,0,0,0,0,0,0,0,0,0,0
48,51,0,0,0,0,0,0,0,0,0,0
41,0,0,0,0,0,0,0,0,0,0,0
14,37,60,13,26,0,0,0,0,0,0,0
48,57,25,0,0,0,0,0,0,0,0,0
11,0,0,0,0,0,0,0,0,0,0,0
60,0,0,0,0,0,0,0,0,0,0,0
17,61,4,48,11,0,0,0,0,0,0,0
21,60,0,0,0,0,0,0,0,0,0,0
28,11,60,0,0,0,0,0,0,0,0,0
11,3,0,0,0,0,0,0,0,0,0,0
60,11,2,0,0,0,0,0,0,0,0,0
35,0,0,0,0,0,0,0,0,0,0,0
52,53,11,48,0,0,0,0,0,0,0,0
21,25,44,28,60,29,0,0,0,0,0,0
48,57,42,53,0,0,0,0,0,0,0,0
60,48,4,0,0,0,0,0,0,0,0,0
11,48,60,24,0,0,0,0,0,0,0,0
60,11,0,0,0,0,0,0,0,0,0,0
51,17,18,11,0,0,0,0,0,0,0,0
61,11,48,0,0,0,0,0,0,0,0,0
43,0,0,0,0,0,0,0,0,0,0,0
44,0,0,0,0,0,0,0,0,0,0,0
61,16,38,0,0,0,0,0,0,0,0,0
48,53,57,0,0,0,0,0,0,0,0,0
21,60,49,0,0,0,0,0,0,0,0,0
25,60,0,0,0,0,0,0,0,0,0,0
35,7,48,0,0,0,0,0,0,0,0,0
60,21,44,11,0,0,0,0,0,0,0,0
60,54,58,0,0,0,0,0,0,0,0,0
48,0,0,0,0,0,0,0,0,0,0,0
60,35,0,0,0,0,0,0,0,0,0,0
48,57,35,60,4,11,0,0,0,0,0,0
53,60,48,25,0,0,0,0,0,0,0,0
60,13,0,0,0,0,0,0,0,0,0,0
48,0,0,0,0,0,0,0,0,0,0,0
11,0,0,0,0,0,0,0,0,0,0,0
11,0,0,0,0,0,0,0,0,0,0,0
11,18,60,25,0,0,0,0,0,0,0,0
58,14,0,0,0,0,0,0,0,0,0,0
48,49,11,0,0,0,0,0,0,0,0,0
11,0,0,0,0,0,0,0,0,0,0,0
57,18,0,0,0,0,0,0,0,0,0,0
4,48,53,60,11,0,0,0,0,0,0,0
51,60,0,0,0,0,0,0,0,0,0,0
13,43,55,41,31,25,21,48,14,0,0,0
21,0,0,0,0,0,0,0,0,0,0,0
60,0,0,0,0,0,0,0,0,0,0,0
11,0,0,0,0,0,0,0,0,0,0,0
22,48,60,57,0,0,0,0,0,0,0,0
60,48,0,0,0,0,0,0,0,0,0,0
60,11,41,21,61,42,0,0,0,0,0,0
28,0,0,0,0,0,0,0,0,0,0,0
53,0,0,0,0,0,0,0,0,0,0,0
48,0,0,0,0,0,0,0,0,0,0,0
42,0,0,0,0,0,0,0,0,0,0,0
21,0,0,0,0,0,0,0,0,0,0,0
60,0,0,0,0,0,0,0,0,0,0,0
63,0,0,0,0,0,0,0,0,0,0,0
51,21,53,0,0,0,0,0,0,0,0,0
48,14,0,0,0,0,0,0,0,0,0,0
53,57,42,0,0,0,0,0,0,0,0,0
21,0,0,0,0,0,0,0,0,0,0,0
48,0,0,0,0,0,0,0,0,0,0,0
11,0,0,0,0,0,0,0,0,0,0,0
41,9,48,18,0,0,0,0,0,0,0,0
49,28,48,17,11,0,0,0,0,0,0,0
11,0,0,0,0,0,0,0,0,0,0,0
48,60,52,7,11,0,0,0,0,0,0,0
48,49,41,60,0,0,0,0,0,0,0,0
31,0,0,0,0,0,0,0,0,0,0,0
13,37,60,11,0,0,0,0,0,0,0,0
37,55,0,0,0,0,0,0,0,0,0,0
44,0,0,0,0,0,0,0,0,0,0,0
11,60,21,29,0,0,0,0,0,0,0,0
21,0,0,0,0,0,0,0,0,0,0,0
57,0,0,0,0,0,0,0,0,0,0,0
41,61,48,0,0,0,0,0,0,0,0,0
21,0,0,0,0,0,0,0,0,0,0,0
14,60,0,0,0,0,0,0,0,0,0,0
58,21,0,0,0,0,0,0,0,0,0,0
14,13,0,0,0,0,0,0,0,0,0,0
25,19,0,0,0,0,0,0,0,0,0,0
37,13,58,35,0,0,0,0,0,0,0,0
11,14,29,0,0,0,0,0,0,0,0,0
11,0,0,0,0,0,0,0,0,0,0,0
60,13,37,47,11,14,48,28,35,25,0,0
19,43,60,0,0,0,0,0,0,0,0,0
31,14,58,55,13,0,0,0,0,0,0,0
60,29,0,0,0,0,0,0,0,0,0,0
55,2,13,11,0,0,0,0,0,0,0,0
58,25,0,0,0,0,0,0,0,0,0,0
11,60,0,0,0,0,0,0,0,0,0,0
43,0,0,0,0,0,0,0,0,0,0,0
29,25,11,0,0,0,0,0,0,0,0,0
25,11,14,55,37,0,0,0,0,0,0,0
31,0,0,0,0,0,0,0,0,0,0,0
60,48,3,0,0,0,0,0,0,0,0,0
58,13,0,0,0,0,0,0,0,0,0,0
48,0,0,0,0,0,0,0,0,0,0,0
53,0,0,0,0,0,0,0,0,0,0,0
60,0,0,0,0,0,0,0,0,0,0,0
21,1,11,0,0,0,0,0,0,0,0,0
48,12,17,18,0,0,0,0,0,0,0,0
11,25,60,34,13,55,0,0,0,0,0,0
14,47,44,11,58,0,0,0,0,0,0,0
14,13,25,37,0,0,0,0,0,0,0,0
21,58,34,0,0,0,0,0,0,0,0,0
52,55,0,0,0,0,0,0,0,0,0,0
14,21,0,0,0,0,0,0,0,0,0,0
11,25,0,0,0,0,0,0,0,0,0,0
35,55,14,58,0,0,0,0,0,0,0,0
55,0,0,0,0,0,0,0,0,0,0,0
11,55,14,0,0,0,0,0,0,0,0,0
44,60,43,21,14,11,0,0,0,0,0,0
55,0,0,0,0,0,0,0,0,0,0,0
55,11,0,0,0,0,0,0,0,0,0,0
60,25,0,0,0,0,0,0,0,0,0,0
60,0,0,0,0,0,0,0,0,0,0,0
31,0,0,0,0,0,0,0,0,0,0,0
58,14,47,0,0,0,0,0,0,0,0,0
14,11,43,0,0,0,0,0,0,0,0,0
60,0,0,0,0,0,0,0,0,0,0,0
60,0,0,0,0,0,0,0,0,0,0,0
21,0,0,0,0,0,0,0,0,0,0,0
38,60,61,35,41,48,0,0,0,0,0,0
57,0,0,0,0,0,0,0,0,0,0,0
11,60,0,0,0,0,0,0,0,0,0,0
41,11,0,0,0,0,0,0,0,0,0,0
60,0,0,0,0,0,0,0,0,0,0,0
60,14,0,0,0,0,0,0,0,0,0,0
48,53,61,60,0,0,0,0,0,0,0,0
60,58,29,25,11,0,0,0,0,0,0,0
10,17,44,0,0,0,0,0,0,0,0,0
58,44,35,0,0,0,0,0,0,0,0,0
21,0,0,0,0,0,0,0,0,0,0,0
48,3,0,0,0,0,0,0,0,0,0,0
21,11,60,0,0,0,0,0,0,0,0,0
11,60,0,0,0,0,0,0,0,0,0,0
29,60,11,61,0,0,0,0,0,0,0,0
4,60,21,7,35,0,0,0,0,0,0,0
60,26,61,0,0,0,0,0,0,0,0,0
57,53,48,59,11,60,14,52,35,0,0,0
48,60,53,17,0,0,0,0,0,0,0,0
60,48,21,4,0,0,0,0,0,0,0,0
60,11,0,0,0,0,0,0,0,0,0,0
57,35,60,53,48,0,0,0,0,0,0,0
60,48,61,0,0,0,0,0,0,0,0,0
25,0,0,0,0,0,0,0,0,0,0,0
61,11,60,0,0,0,0,0,0,0,0,0
60,0,0,0,0,0,0,0,0,0,0,0
60,0,0,0,0,0,0,0,0,0,0,0
57,0,0,0,0,0,0,0,0,0,0,0
55,0,0,0,0,0,0,0,0,0,0,0
48,18,0,0,0,0,0,0,0,0,0,0
48,49,60,11,0,0,0,0,0,0,0,0
48,57,0,0,0,0,0,0,0,0,0,0
11,14,0,0,0,0,0,0,0,0,0,0
44,28,60,21,0,0,0,0,0,0,0,0
60,9,25,21,0,0,0,0,0,0,0,0
48,57,11,60,0,0,0,0,0,0,0,0
60,53,18,11,61,48,63,44,9,41,0,0
48,60,0,0,0,0,0,0,0,0,0,0
50,48,0,0,0,0,0,0,0,0,0,0
57,0,0,0,0,0,0,0,0,0,0,0
11,14,0,0,0,0,0,0,0,0,0,0
48,60,11,0,0,0,0,0,0,0,0,0
57,11,0,0,0,0,0,0,0,0,0,0
21,0,0,0,0,0,0,0,0,0,0,0
60,11,0,0,0,0,0,0,0,0,0,0
22,61,0,0,0,0,0,0,0,0,0,0
28,60,0,0,0,0,0,0,0,0,0,0
60,0,0,0,0,0,0,0,0,0,0,0
60,21,0,0,0,0,0,0,0,0,0,0
41,22,50,20,60,0,0,0,0,0,0,0
61,48,60,35,11,52,0,0,0,0,0,0
60,0,0,0,0,0,0,0,0,0,0,0
18,53,11,28,0,0,0,0,0,0,0,0
60,0,0,0,0,0,0,0,0,0,0,0
53,11,0,0,0,0,0,0,0,0,0,0
48,57,0,0,0,0,0,0,0,0,0,0
3,48,60,28,61,42,35,0,0,0,0,0
48,0,0,0,0,0,0,0,0,0,0,0
11,60,19,48,57,0,0,0,0,0,0,0
60,0,0,0,0,0,0,0,0,0,0,0
21,60,3,2,14,11,0,0,0,0,0,0
53,0,0,0,0,0,0,0,0,0,0,0
22,25,60,53,0,0,0,0,0,0,0,0
61,28,0,0,0,0,0,0,0,0,0,0
60,0,0,0,0,0,0,0,0,0,0,0
53,0,0,0,0,0,0,0,0,0,0,0
60,53,35,0,0,0,0,0,0,0,0,0
4,0,0,0,0,0,0,0,0,0,0,0
48,9,60,35,57,0,0,0,0,0,0,0
60,11,0,0,0,0,0,0,0,0,0,0
22,17,0,0,0,0,0,0,0,0,0,0
11,21,60,44,1,25,0,0,0,0,0,0
18,0,0,0,0,0,0,0,0,0,0,0
48,0,0,0,0,0,0,0,0,0,0,0
53,48,0,0,0,0,0,0,0,0,0,0
53,57,60,38,18,48,22,42,0,0,0,0
11,0,0,0,0,0,0,0,0,0,0,0
60,0,0,0,0,0,0,0,0,0,0,0
60,53,57,21,4,0,0,0,0,0,0,0
57,38,0,0,0,0,0,0,0,0,0,0
48,12,0,0,0,0,0,0,0,0,0,0
41,57,0,0,0,0,0,0,0,0,0,0
57,60,0,0,0,0,0,0,0,0,0,0
21,44,38,0,0,0,0,0,0,0,0,0
22,0,0,0,0,0,0,0,0,0,0,0
48,0,0,0,0,0,0,0,0,0,0,0
48,60,0,0,0,0,0,0,0,0,0,0
11,0,0,0,0,0,0,0,0,0,0,0
60,11,38,0,0,0,0,0,0,0,0,0
60,14,25,21,0,0,0,0,0,0,0,0
60,22,11,0,0,0,0,0,0,0,0,0
48,61,14,0,0,0,0,0,0,0,0,0
41,51,0,0,0,0,0,0,0,0,0,0
53,0,0,0,0,0,0,0,0,0,0,0
55,0,0,0,0,0,0,0,0,0,0,0
14,0,0,0,0,0,0,0,0,0,0,0
11,0,0,0,0,0,0,0,0,0,0,0
21,55,0,0,0,0,0,0,0,0,0,0
25,58,44,0,0,0,0,0,0,0,0,0
21,29,55,13,0,0,0,0,0,0,0,0
11,25,21,0,0,0,0,0,0,0,0,0
14,13,25,60,0,0,0,0,0,0,0,0
21,61,55,11,0,0,0,0,0,0,0,0
44,11,1,0,0,0,0,0,0,0,0,0
11,41,48,0,0,0,0,0,0,0,0,0
60,3,0,0,0,0,0,0,0,0,0,0
48,60,0,0,0,0,0,0,0,0,0,0
37,11,0,0,0,0,0,0,0,0,0,0
37,25,60,0,0,0,0,0,0,0,0,0
60,21,0,0,0,0,0,0,0,0,0,0
29,31,0,0,0,0,0,0,0,0,0,0
21,60,0,0,0,0,0,0,0,0,0,0
55,60,0,0,0,0,0,0,0,0,0,0
61,11,41,0,0,0,0,0,0,0,0,0
11,0,0,0,0,0,0,0,0,0,0,0
21,14,60,44,25,11,0,0,0,0,0,0
11,25,60,47,13,55,0,0,0,0,0,0
58,55,11,25,0,0,0,0,0,0,0,0
60,58,0,0,0,0,0,0,0,0,0,0
60,48,42,0,0,0,0,0,0,0,0,0
14,55,0,0,0,0,0,0,0,0,0,0
55,25,0,0,0,0,0,0,0,0,0,0
14,44,2,39,11,0,0,0,0,0,0,0
60,61,0,0,0,0,0,0,0,0,0,0
49,29,60,41,11,21,24,48,9,17,28,0
11,25,60,0,0,0,0,0,0,0,0,0
35,48,0,0,0,0,0,0,0,0,0,0
29,44,60,0,0,0,0,0,0,0,0,0
60,58,21,0,0,0,0,0,0,0,0,0
59,11,0,0,0,0,0,0,0,0,0,0
60,11,59,51,0,0,0,0,0,0,0,0
60,59,11,51,0,0,0,0,0,0,0,0
11,24,53,8,48,3,61,49,0,0,0,0
2,11,0,0,0,0,0,0,0,0,0,0
11,0,0,0,0,0,0,0,0,0,0,0
49,0,0,0,0,0,0,0,0,0,0,0
61,60,35,14,11,44,17,0,0,0,0,0
11,21,0,0,0,0,0,0,0,0,0,0
11,48,17,0,0,0,0,0,0,0,0,0
11,60,41,14,0,0,0,0,0,0,0,0
2,60,0,0,0,0,0,0,0,0,0,0
11,35,0,0,0,0,0,0,0,0,0,0
21,29,0,0,0,0,0,0,0,0,0,0
29,48,11,60,52,42,0,0,0,0,0,0
48,60,0,0,0,0,0,0,0,0,0,0
44,60,11,21,25,0,0,0,0,0,0,0
60,48,61,0,0,0,0,0,0,0,0,0
60,11,0,0,0,0,0,0,0,0,0,0
24,21,0,0,0,0,0,0,0,0,0,0
44,0,0,0,0,0,0,0,0,0,0,0
17,11,60,21,48,7,0,0,0,0,0,0
11,0,0,0,0,0,0,0,0,0,0,0
55,13,0,0,0,0,0,0,0,0,0,0
60,14,11,21,61,3,17,42,44,31,0,0
48,29,0,0,0,0,0,0,0,0,0,0
44,0,0,0,0,0,0,0,0,0,0,0
51,0,0,0,0,0,0,0,0,0,0,0
48,26,0,0,0,0,0,0,0,0,0,0
11,14,48,25,60,20,44,9,21,41,0,0
60,0,0,0,0,0,0,0,0,0,0,0
60,0,0,0,0,0,0,0,0,0,0,0
60,29,0,0,0,0,0,0,0,0,0,0
44,11,20,17,0,0,0,0,0,0,0,0
48,35,60,0,0,0,0,0,0,0,0,0
48,12,58,18,25,0,0,0,0,0,0,0
11,44,12,60,0,0,0,0,0,0,0,0
14,59,0,0,0,0,0,0,0,0,0,0
9,17,21,48,0,0,0,0,0,0,0,0
48,60,0,0,0,0,0,0,0,0,0,0
11,0,0,0,0,0,0,0,0,0,0,0
60,48,11,0,0,0,0,0,0,0,0,0
11,42,0,0,0,0,0,0,0,0,0,0
21,60,4,0,0,0,0,0,0,0,0,0
63,61,49,0,0,0,0,0,0,0,0,0
31,0,0,0,0,0,0,0,0,0,0,0
23,0,0,0,0,0,0,0,0,0,0,0
48,0,0,0,0,0,0,0,0,0,0,0
48,53,0,0,0,0,0,0,0,0,0,0
53,0,0,0,0,0,0,0,0,0,0,0
48,57,60,61,0,0,0,0,0,0,0,0
60,59,11,0,0,0,0,0,0,0,0,0
59,48,63,9,60,11,0,0,0,0,0,0
60,38,51,11,24,49,0,0,0,0,0,0
42,48,0,0,0,0,0,0,0,0,0,0
11,59,0,0,0,0,0,0,0,0,0,0
28,49,11,0,0,0,0,0,0,0,0,0
11,38,0,0,0,0,0,0,0,0,0,0
60,11,48,0,0,0,0,0,0,0,0,0
48,0,0,0,0,0,0,0,0,0,0,0
9,63,0,0,0,0,0,0,0,0,0,0
60,0,0,0,0,0,0,0,0,0,0,0
48,59,11,0,0,0,0,0,0,0,0,0
48,0,0,0,0,0,0,0,0,0,0,0
27,0,0,0,0,0,0,0,0,0,0,0
48,0,0,0,0,0,0,0,0,0,0,0
48,26,59,0,0,0,0,0,0,0,0,0
60,0,0,0,0,0,0,0,0,0,0,0
51,60,48,52,0,0,0,0,0,0,0,0
48,49,0,0,0,0,0,0,0,0,0,0
60,59,0,0,0,0,0,0,0,0,0,0
59,60,51,0,0,0,0,0,0,0,0,0
48,60,11,0,0,0,0,0,0,0,0,0
51,52,44,0,0,0,0,0,0,0,0,0
49,11,0,0,0,0,0,0,0,0,0,0
60,12,0,0,0,0,0,0,0,0,0,0
48,0,0,0,0,0,0,0,0,0,0,0
51,49,3,14,0,0,0,0,0,0,0,0
60,0,0,0,0,0,0,0,0,0,0,0
11,48,9,14,28,60,51,35,3,0,0,0
11,0,0,0,0,0,0,0,0,0,0,0
11,60,0,0,0,0,0,0,0,0,0,0
61,60,0,0,0,0,0,0,0,0,0,0
60,51,57,0,0,0,0,0,0,0,0,0
35,0,0,0,0,0,0,0,0,0,0,0
11,48,35,17,60,44,0,0,0,0,0,0
60,0,0,0,0,0,0,0,0,0,0,0
17,0,0,0,0,0,0,0,0,0,0,0
11,60,48,53,17,35,0,0,0,0,0,0
48,11,61,9,0,0,0,0,0,0,0,0
35,60,11,25,42,0,0,0,0,0,0,0
13,0,0,0,0,0,0,0,0,0,0,0
51,11,61,0,0,0,0,0,0,0,0,0
25,0,0,0,0,0,0,0,0,0,0,0
60,14,0,0,0,0,0,0,0,0,0,0
25,0,0,0,0,0,0,0,0,0,0,0
58,14,0,0,0,0,0,0,0,0,0,0
11,35,0,0,0,0,0,0,0,0,0,0
26,11,0,0,0,0,0,0,0,0,0,0
60,14,43,0,0,0,0,0,0,0,0,0
60,48,0,0,0,0,0,0,0,0,0,0
60,61,48,0,0,0,0,0,0,0,0,0
35,48,0,0,0,0,0,0,0,0,0,0
21,0,0,0,0,0,0,0,0,0,0,0
17,0,0,0,0,0,0,0,0,0,0,0
60,48,38,0,0,0,0,0,0,0,0,0
11,61,41,0,0,0,0,0,0,0,0,0
48,0,0,0,0,0,0,0,0,0,0,0
61,0,0,0,0,0,0,0,0,0,0,0
60,62,0,0,0,0,0,0,0,0,0,0
48,60,9,21,0,0,0,0,0,0,0,0
60,48,11,0,0,0,0,0,0,0,0,0
60,29,11,44,21,48,61,0,0,0,0,0
60,11,0,0,0,0,0,0,0,0,0,0
42,60,11,0,0,0,0,0,0,0,0,0
11,35,48,0,0,0,0,0,0,0,0,0
48,51,11,0,0,0,0,0,0,0,0,0
21,48,11,0,0,0,0,0,0,0,0,0
48,35,21,0,0,0,0,0,0,0,0,0
17,11,42,28,41,0,0,0,0,0,0,0
48,60,11,61,0,0,0,0,0,0,0,0
48,53,0,0,0,0,0,0,0,0,0,0
20,61,48,4,0,0,0,0,0,0,0,0
48,60,53,11,0,0,0,0,0,0,0,0
17,59,0,0,0,0,0,0,0,0,0,0
48,18,59,17,24,0,0,0,0,0,0,0
48,0,0,0,0,0,0,0,0,0,0,0
48,51,0,0,0,0,0,0,0,0,0,0
63,60,24,48,49,61,0,0,0,0,0,0
48,0,0,0,0,0,0,0,0,0,0,0
48,57,11,60,61,49,0,0,0,0,0,0
60,0,0,0,0,0,0,0,0,0,0,0
57,48,0,0,0,0,0,0,0,0,0,0
60,48,35,0,0,0,0,0,0,0,0,0
25,29,0,0,0,0,0,0,0,0,0,0
48,0,0,0,0,0,0,0,0,0,0,0
13,37,0,0,0,0,0,0,0,0,0,0
24,48,60,11,0,0,0,0,0,0,0,0
49,59,52,0,0,0,0,0,0,0,0,0
11,48,60,0,0,0,0,0,0,0,0,0
11,61,42,17,35,3,0,0,0,0,0,0
48,41,0,0,0,0,0,0,0,0,0,0
48,60,0,0,0,0,0,0,0,0,0,0
48,0,0,0,0,0,0,0,0,0,0,0
60,28,0,0,0,0,0,0,0,0,0,0
60,11,17,0,0,0,0,0,0,0,0,0
48,35,18,61,9,60,0,0,0,0,0,0
9,0,0,0,0,0,0,0,0,0,0,0
11,21,0,0,0,0,0,0,0,0,0,0
60,48,61,35,0,0,0,0,0,0,0,0
35,53,0,0,0,0,0,0,0,0,0,0
43,23,0,0,0,0,0,0,0,0,0,0
48,9,24,0,0,0,0,0,0,0,0,0
49,11,48,0,0,0,0,0,0,0,0,0
61,11,0,0,0,0,0,0,0,0,0,0
48,11,60,0,0,0,0,0,0,0,0,0
11,44,60,21,0,0,0,0,0,0,0,0
60,18,0,0,0,0,0,0,0,0,0,0
11,48,51,35,0,0,0,0,0,0,0,0
60,0,0,0,0,0,0,0,0,0,0,0
48,11,35,53,52,0,0,0,0,0,0,0
37,47,25,31,0,0,0,0,0,0,0,0
60,0,0,0,0,0,0,0,0,0,0,0
48,28,35,61,0,0,0,0,0,0,0,0
14,0,0,0,0,0,0,0,0,0,0,0
4,60,61,11,48,0,0,0,0,0,0,0
48,53,0,0,0,0,0,0,0,0,0,0
25,21,28,0,0,0,0,0,0,0,0,0
51,52,57,0,0,0,0,0,0,0,0,0
11,14,0,0,0,0,0,0,0,0,0,0
11,28,60,9,61,0,0,0,0,0,0,0
60,48,0,0,0,0,0,0,0,0,0,0
11,42,0,0,0,0,0,0,0,0,0,0
60,9,0,0,0,0,0,0,0,0,0,0
60,25,61,0,0,0,0,0,0,0,0,0
11,44,0,0,0,0,0,0,0,0,0,0
58,11,60,0,0,0,0,0,0,0,0,0
48,0,0,0,0,0,0,0,0,0,0,0
60,11,48,0,0,0,0,0,0,0,0,0
11,14,60,13,21,0,0,0,0,0,0,0
57,0,0,0,0,0,0,0,0,0,0,0
57,3,38,0,0,0,0,0,0,0,0,0
13,55,0,0,0,0,0,0,0,0,0,0
21,44,11,20,0,0,0,0,0,0,0,0
48,60,0,0,0,0,0,0,0,0,0,0
21,12,0,0,0,0,0,0,0,0,0,0
42,0,0,0,0,0,0,0,0,0,0,0
60,48,0,0,0,0,0,0,0,0,0,0
60,61,0,0,0,0,0,0,0,0,0,0
55,14,0,0,0,0,0,0,0,0,0,0
60,11,0,0,0,0,0,0,0,0,0,0
60,11,51,48,42,21,35,28,18,0,0,0
60,35,2,29,21,14,44,48,11,0,0,0
14,55,44,11,0,0,0,0,0,0,0,0
35,60,11,0,0,0,0,0,0,0,0,0
21,11,0,0,0,0,0,0,0,0,0,0
37,60,25,31,0,0,0,0,0,0,0,0
48,0,0,0,0,0,0,0,0,0,0,0
18,11,28,0,0,0,0,0,0,0,0,0
14,60,48,9,0,0,0,0,0,0,0,0
61,0,0,0,0,0,0,0,0,0,0,0
60,0,0,0,0,0,0,0,0,0,0,0
17,11,19,0,0,0,0,0,0,0,0,0
18,61,53,11,0,0,0,0,0,0,0,0
60,0,0,0,0,0,0,0,0,0,0,0
58,60,21,31,0,0,0,0,0,0,0,0
28,9,41,11,48,0,0,0,0,0,0,0
43,0,0,0,0,0,0,0,0,0,0,0
61,0,0,0,0,0,0,0,0,0,0,0
21,60,0,0,0,0,0,0,0,0,0,0
11,0,0,0,0,0,0,0,0,0,0,0
11,60,21,29,0,0,0,0,0,0,0,0
11,14,0,0,0,0,0,0,0,0,0,0
58,60,21,0,0,0,0,0,0,0,0,0
48,0,0,0,0,0,0,0,0,0,0,0
11,35,60,42,41,0,0,0,0,0,0,0
60,2,21,28,0,0,0,0,0,0,0,0
21,60,0,0,0,0,0,0,0,0,0,0
11,60,37,0,0,0,0,0,0,0,0,0
48,0,0,0,0,0,0,0,0,0,0,0
11,0,0,0,0,0,0,0,0,0,0,0
12,63,11,48,0,0,0,0,0,0,0,0
35,60,0,0,0,0,0,0,0,0,0,0
14,0,0,0,0,0,0,0,0,0,0,0
18,11,49,0,0,0,0,0,0,0,0,0
49,17,11,59,60,53,0,0,0,0,0,0
61,0,0,0,0,0,0,0,0,0,0,0
48,41,53,35,11,0,0,0,0,0,0,0
48,0,0,0,0,0,0,0,0,0,0,0
60,0,0,0,0,0,0,0,0,0,0,0
59,51,11,0,0,0,0,0,0,0,0,0
61,0,0,0,0,0,0,0,0,0,0,0
49,51,35,21,0,0,0,0,0,0,0,0
17,53,0,0,0,0,0,0,0,0,0,0
11,4,0,0,0,0,0,0,0,0,0,0
24,0,0,0,0,0,0,0,0,0,0,0
49,9,0,0,0,0,0,0,0,0,0,0
42,0,0,0,0,0,0,0,0,0,0,0
42,28,63,49,0,0,0,0,0,0,0,0
12,63,11,0,0,0,0,0,0,0,0,0
24,49,60,11,52,48,0,0,0,0,0,0
11,53,0,0,0,0,0,0,0,0,0,0
11,7,0,0,0,0,0,0,0,0,0,0
49,11,35,63,61,48,60,59,28,17,0,0
60,49,24,14,21,11,0,0,0,0,0,0
28,0,0,0,0,0,0,0,0,0,0,0
60,0,0,0,0,0,0,0,0,0,0,0
11,18,0,0,0,0,0,0,0,0,0,0
11,48,0,0,0,0,0,0,0,0,0,0
60,48,0,0,0,0,0,0,0,0,0,0
24,63,48,11,0,0,0,0,0,0,0,0
48,0,0,0,0,0,0,0,0,0,0,0
20,11,48,0,0,0,0,0,0,0,0,0
