5569,-38.711416059151,-72.6682150308778,1,203,3
5575,-38.7440797569234,-72.6158155081249,0,2182,3
5578,-38.7554574500296,-72.6440921247971,0,3615,2
5580,-38.7423594581644,-72.5775258777829,0,11595,1
5582,-38.7323667767783,-72.5596370448453,1,59204,3
5583,-38.7290430849704,-72.6168430746821,0,92454,3
5585,-38.7596289835495,-72.637394882674,0,114959,4
5588,-38.754601001426,-72.6626179322268,1,159342,2
5589,-38.7555366477546,-72.647300158822,0,224631,3
5590,-38.7384920795201,-72.5926576217585,0,256326,2
5592,-38.7332933824086,-72.6208207373095,0,274940,4
5596,-38.7116767993717,-72.6512742311991,0,277672,3
5597,-38.7385908048064,-72.5918016907693,1,277673,3
5601,-38.7404084288923,-72.6282091512575,0,350912,9
5604,-38.718524682895,-72.6134928104713,1,358390,2
5606,-38.7342686427346,-72.5699536061481,0,382455,3
5608,-38.7630687411048,-72.7413520671765,1,428183,1
5611,-38.7271072814655,-72.6170740849247,0,456506,4
5652,-38.7418682334131,-72.6209974088535,0,461339,11
5654,-38.7387893613162,-72.5932073938308,1,467365,3
5659,-38.733349940638,-72.5972341933503,0,468702,3
5661,-38.7466919295871,-72.5869611672635,1,525659,6
5664,-38.7723260405164,-72.5967933224851,1,547070,2
5668,-38.7256731270339,-72.6070662260449,1,612184,2
5669,-38.7193108267962,-72.561060828351,0,635266,7
5675,-38.7425195412664,-72.6337700724538,0,637769,3
5680,-38.7398542304006,-72.5942162494229,0,653983,1
5682,-38.707854589425,-72.6658569173302,0,732380,3
5684,-38.7173135655305,-72.5593498784264,0,775077,2
5686,-38.730411649171,-72.5781353667613,1,788400,2
5693,-38.7683054787202,-72.5951085313927,0,790007,8
5694,-38.7234901069459,-72.6243019737469,1,828427,3
5697,-38.7388525169234,-72.6229639354555,0,839752,5
5698,-38.7687832859325,-72.6158832131874,0,871926,2
5703,-38.7593093716072,-72.5951949628851,1,883274,1
5706,-38.7389158735226,-72.5936007847873,1,894238,5
5709,-38.7224128949834,-72.6157050377889,0,903423,4
5713,-38.7251683031424,-72.5565331864509,1,983815,2
5714,-38.7404284031629,-72.5927794782284,0,984463,2
5717,-38.7340611869282,-72.6243647460029,0,986265,4
5722,-38.7251480207349,-72.5749629544909,0,1004637,6
5726,-38.7097673611007,-72.6537706398694,1,1020170,3
5746,-38.7146478954369,-72.6554953036113,0,1045037,1
5782,-38.7213679558287,-72.5542046147775,0,1091650,9
5813,-38.7315142777115,-72.5912428354573,0,1105764,3
5814,-38.7596487375437,-72.6301592706361,1,1159625,2
11465,-38.7432552611939,-72.5952377837888,0,1197073,1
19923,-38.7021694939013,-72.5480245693134,0,1216912,3
19944,-38.7295906673062,-72.5693568062434,1,1218614,2
19960,-38.7389217137385,-72.5933873898889,0,1263328,3
19981,-38.7267407549852,-72.6093565079299,1,1301541,3
19983,-38.756267139088,-72.6231256304974,1,1329786,5
20016,-38.7571495837207,-72.6511599451006,1,1362749,1
20048,-38.7389570995372,-72.5958395727173,1,1381323,2
20085,-38.7114496314596,-72.6518658159373,0,1383587,2
20096,-38.7020288645848,-72.645233633745,1,1414804,2
20100,-38.7195587813361,-72.6080813383974,1,1434974,2
20129,-38.7204801437876,-72.5623888484422,1,1474405,1
20137,-38.7091039956278,-72.6525894098421,1,1498003,2
20140,-38.7442955223891,-72.622006624606,1,1506255,4
20173,-38.714194232885,-72.6487135233238,0,1516293,3
20181,-38.7189438710179,-72.6235931426526,0,1532121,5
20212,-38.7404792038007,-72.592039395038,1,1539753,5
20218,-38.7221381196761,-72.6363584920196,1,1569189,3
5596,-38.7437022905551,-72.6205342271873,0,1576861,4
20212,-38.7170428649859,-72.559098290439,0,1613296,4
5664,-38.7135137093881,-72.6456903333587,0,1656305,2
19981,-38.7586743118627,-72.6357334161546,1,1708674,3
5604,-38.7189299530031,-72.5523632810256,1,1739514,3
5714,-38.7519357003958,-72.6046337978304,0,1745738,4
11465,-38.7074581981591,-72.5531921438923,0,1748769,3
5583,-38.7183588336158,-72.5584813196098,1,1753355,2
5575,-38.7393703185786,-72.5929776956363,1,1794210,3
20181,-38.7386900344585,-72.5943568687302,1,1801954,4
5813,-38.746646974963,-72.6379495947453,0,1817828,3
5601,-38.7461829190401,-72.613230560774,0,1820325,3
5582,-38.6936241121658,-72.6695296682904,1,1821298,2
5675,-38.7080166622341,-72.6604767232383,0,1828765,5
5813,-38.7178085923881,-72.6523525727204,1,1873051,3
20181,-38.7338502347556,-72.637127240326,0,1896837,3
5661,-38.7397121846147,-72.5938265870007,0,1900968,5
5693,-38.7540263780743,-72.6275604125557,1,1906883,4
19960,-38.7346153089636,-72.6219913396275,0,1913417,3
5583,-38.713738250469,-72.6274415810179,1,1919817,3
5652,-38.7577398091886,-72.6245654241753,0,1936591,4
20137,-38.7446195704241,-72.6094094952109,0,1937905,4
5596,-38.7342191286763,-72.6211786706085,0,1948587,7
5668,-38.7542587806836,-72.6522171611179,0,1957803,3
5726,-38.7568189309553,-72.6261851983416,0,1967126,5
20016,-38.7543472230597,-72.613519420734,1,2005738,3
5669,-38.7322654204863,-72.6398008237753,0,2021481,2
5597,-38.7258968600506,-72.6176214909794,0,2057727,2
5668,-38.7406787352518,-72.6458968923427,0,2061241,6
5652,-38.7487365877635,-72.6425473408775,0,2081609,5
19960,-38.709277626286,-72.6614072484187,0,2099156,3
20140,-38.7358352156223,-72.6042860580325,0,2103416,4
5583,-38.7078580912129,-72.5447611262425,1,2115951,7
5604,-38.7045444321378,-72.5414281148753,0,2138867,2
5654,-38.737516757498,-72.622708313049,1,2178197,6
5813,-38.7117262409566,-72.6335236884773,1,2227475,3
5664,-38.7141780351117,-72.6496112925263,1,2302731,5
5654,-38.7437911494687,-72.6238644061773,0,2352641,2
5706,-38.7416518429457,-72.5755670844085,1,2413180,3
5601,-38.7076493259072,-72.6617863859795,1,2415092,3
20085,-38.6802326184765,-72.5001626496254,1,2419618,1
5694,-38.7358204229894,-72.5697021364412,1,2445743,2
5590,-38.7443519574912,-72.5956199188862,1,2503645,1
5686,-38.7369807155995,-72.5953528084967,1,2527173,1
20016,-38.7197586222974,-72.6130337826761,1,2557558,1
20173,-38.7602267561206,-72.6008901278607,1,2561530,3
5588,-38.7617892442329,-72.6498119286698,1,2598671,5
5746,-38.7236940320389,-72.6254165437624,1,2605665,7
5588,-38.7541336490557,-72.635224053197,0,2607563,2
5611,-38.7717435265407,-72.6005983817614,1,2682586,1
20212,-38.7321819839497,-72.5671034367863,0,2697540,3
20212,-38.7331547351069,-72.6109431830518,0,2704236,2
20218,-38.7447254212306,-72.6235785469175,0,2717183,2
20016,-38.7335489096077,-72.6102160688182,0,2822149,4
5693,-38.7386555876818,-72.5922507675423,1,2833690,5
5583,-38.6855680982755,-72.6530658718647,1,2847049,3
5675,-38.7595724419485,-72.6296484708811,1,2849228,3
20129,-38.7173532478399,-72.6172131447305,1,2863554,3
20137,-38.7113077225479,-72.6514819227109,0,2885103,2
5654,-38.730712383986,-72.5645602244395,1,2891253,2
5597,-38.6933769901893,-72.5270047205545,0,2916276,7
19923,-38.7224190310998,-72.6219761028658,0,2918132,2
5686,-38.7667681729618,-72.5997878332427,1,2927135,1
5580,-38.7120331870045,-72.6556287135424,0,2930146,2
5604,-38.7444645545348,-72.6287504958584,0,2952648,6
20085,-38.7150802389145,-72.6502546537769,0,3031029,3
5722,-38.7713719535104,-72.5866785654102,0,3065342,4
5596,-38.763237370213,-72.6031773169324,1,3168589,2
5596,-38.7333169449162,-72.6167465166373,0,3182050,4
5675,-38.7559022382095,-72.65579985979,0,3221751,2
5604,-38.7297500844364,-72.6071179149143,0,3250434,3
5664,-38.7180458645921,-72.6328484554154,1,3253179,4
5659,-38.7164722802328,-72.638661260126,0,3382914,4
5588,-38.7554162776347,-72.6498062528614,1,3388255,1
5596,-38.739060582,-72.592229515756,0,3446029,5
19981,-38.7331878031025,-72.5857460933159,0,3449108,3
20100,-38.7442980242209,-72.6190020398231,0,3464826,2
5669,-38.7432854859326,-72.5960030637281,0,3498802,1
5654,-38.7001661233276,-72.5513167484374,0,3503967,4
20085,-38.707962159484,-72.6632626541504,1,3514112,8
5588,-38.7321214692811,-72.6091888326103,0,3522150,4
5611,-38.7276210316381,-72.6078745986852,1,3545388,3
19944,-38.7139172892938,-72.6271582931806,0,3581063,3
5606,-38.6932906820165,-72.5292856533533,0,3638748,3
5569,-38.7573531705676,-72.6014390708983,0,3675749,1
5684,-38.7751940040184,-72.5918701606555,0,3676067,3
20129,-38.7695964479827,-72.6271536541218,0,3714805,1
20212,-38.7200156746932,-72.6069602821623,1,3716025,8
5661,-38.7518580039744,-72.644814009915,0,3718493,3
5686,-38.7552298399279,-72.6490553902796,0,3724021,2
5722,-38.7574745485658,-72.6350104667202,1,3741464,3
20140,-38.7238432143742,-72.6071799816175,1,3745901,3
5588,-38.7618226874946,-72.6073637818424,0,3756534,3
5652,-38.7583448760818,-72.6369632371082,1,3757685,3
5590,-38.720343150796,-72.6159803488228,0,3764205,3
5652,-38.7171226686457,-72.5675191004831,0,3780870,4
5722,-38.7500584678131,-72.6040713021108,1,3802440,3
5693,-38.7513741155747,-72.6322407112318,0,3806436,3
5684,-38.7458170606834,-72.5844211489763,0,3813255,2
5697,-38.703827275121,-72.5424442569282,0,3830434,3
19960,-38.7156384174969,-72.623337243016,1,3866852,4
5661,-38.7416881469876,-72.5851151198397,0,3900198,3
5597,-38.7462455923474,-72.6350246487656,0,3908804,4
20100,-38.7071269562065,-72.6647618026728,0,3911258,5
5722,-38.7505237790936,-72.6410113702289,0,3946175,2
5659,-38.7678350016305,-72.5995160117092,1,3969199,1
5703,-38.7406068766167,-72.5939530563616,1,3978102,1
5682,-38.7600741958849,-72.6410844980098,0,4004838,3
5813,-38.7539634700343,-72.6523095059938,1,4007085,2
5782,-38.7164178601117,-72.6512228129963,0,4074294,3
5589,-38.7162691530648,-72.6245199137439,1,4097190,4
5596,-38.7368923957729,-72.5830989677742,1,4102440,2
20137,-38.7333815815096,-72.6370237282905,0,4110138,2
5661,-38.7637822999351,-72.6920984160871,0,4119447,6
5608,-38.7298921487849,-72.5641290043588,0,4119688,2
5782,-38.7138260812353,-72.6539091569229,0,4122974,2
5590,-38.7667511620453,-72.5962852458276,1,4179999,1
5578,-38.7538410006908,-72.6630378973108,0,4181784,5
20218,-38.7288739632344,-72.6180097854639,0,4208899,3
5726,-38.7384818459902,-72.6039024274457,0,4233868,5
5569,-38.7402193333686,-72.5922565665321,0,4261514,2
5706,-38.7187769519827,-72.5551599945478,1,4414304,3
20129,-38.7502044359496,-72.6433951921855,0,4431390,3
5592,-38.7177221780984,-72.6298223223052,1,4443505,1
20096,-38.7544210280674,-72.6384052511545,1,4462813,2
5714,-38.7146441303836,-72.5499104116579,0,4500711,1
20140,-38.7525897327322,-72.6539237859244,0,4510404,5
5682,-38.7503320960106,-72.6466049983389,0,4531875,4
5693,-38.7321827932583,-72.6053178026525,0,4591455,2
19923,-38.7395933891574,-72.5970085715923,0,4596700,1
5611,-38.7383471042958,-72.6244265171966,0,4597212,4
5693,-38.7214080760351,-72.6071758139826,1,4677671,4
5703,-38.7547521545124,-72.626350451393,1,4677762,3
5608,-38.7311321436514,-72.5656855516958,0,4687824,7
5664,-38.7156729969458,-72.6286737347281,0,4716340,4
5578,-38.7529162729046,-72.633989352161,0,4742409,7
5652,-38.712739961323,-72.6495907855724,0,4762031,2
20140,-38.7094272139335,-72.6453730053331,1,4775436,5
20173,-38.7534012385258,-72.6551766634763,0,4784757,3
5611,-38.7246820553013,-72.6107570828566,1,4900117,1
20218,-38.7411526199515,-72.6345779002727,1,4913288,3
5694,-38.7398506293544,-72.591959185733,0,4929013,3
5713,-38.7202071295648,-72.617154413584,0,4950269,1
5722,-38.7355626706371,-72.6033562284524,1,5001722,1
5813,-38.74630318689,-72.6105473332547,1,5020116,5
5813,-38.7573454825955,-72.6163382456572,1,5024939,3
5675,-38.7433594756819,-72.5859582178405,0,5031771,4
5578,-38.7214261181598,-72.5739017594002,1,5036322,2
20212,-38.7495746175763,-72.6138904127096,0,5038078,3
5588,-38.7149760569473,-72.645429901723,0,5067532,3
5601,-38.7588141947128,-72.7416165102651,1,5076633,1
5597,-38.7246435898707,-72.5666585883453,0,5095713,4
5604,-38.7740541649979,-72.596630145249,1,5117246,2
5698,-38.7736504204516,-72.5964251865625,1,5126599,1
5578,-38.718623833402,-72.556268729829,0,5180010,3
5659,-38.7401222074498,-72.5936312015387,0,5190395,3
5717,-38.7163689028269,-72.6150376745905,0,5207591,2
5601,-38.7385991801593,-72.6325413462983,0,5250552,6
5717,-38.7335283177921,-72.5705194896456,1,5299220,4
5588,-38.7130590046172,-72.660042502789,0,5299725,5
5652,-38.7094417111693,-72.6588934977571,1,5300268,4
5682,-38.7444820682559,-72.5756491803093,0,5319930,5
5684,-38.7425533074628,-72.5980424188429,0,5341478,8
5597,-38.6905747474266,-72.6563762291069,1,5384867,5
5589,-38.7116430686718,-72.6219417425354,0,5393467,2
5814,-38.7343425846316,-72.5821580938587,0,5466124,4
5604,-38.7386887966753,-72.5925647006153,1,5525943,9
20096,-38.7463184487921,-72.5851330296063,0,5526698,1
5686,-38.7091108725667,-72.5495863899067,0,5538756,3
20212,-38.7368377123945,-72.6229273326375,0,5556864,3
20016,-38.7640860405599,-72.7450769141691,1,5585389,1
5682,-38.740531326015,-72.5938074606994,0,5632096,3
5684,-38.7432466659548,-72.5810486659098,1,5637904,2
5604,-38.7195202845483,-72.5670531472146,0,5665698,3
5654,-38.7383835281341,-72.6024059387618,0,5723199,3
5569,-38.7091223598167,-72.6602079895635,0,5724166,3
20140,-38.7248287584233,-72.6216454080971,0,5730971,2
20100,-38.709409908573,-72.6543446617087,0,5744614,6
5713,-38.7627827178058,-72.7740109662194,1,5761206,4
5659,-38.7563264869356,-72.6302684970587,1,5800393,5
5652,-38.7527530343731,-72.6541400538628,0,5824057,3
5582,-38.7503197752577,-72.6045633259779,1,5868372,3
20096,-38.7381702066331,-72.6079116103758,1,5917422,6
19944,-38.7361541825856,-72.6486471606779,0,5945725,4
5606,-38.7516027886316,-72.643035056086,0,5973699,2
5698,-38.7147366403031,-72.6537567955918,1,5980289,3
20218,-38.7291101137416,-72.6298674807299,1,5996421,2
5601,-38.7199103550811,-72.6117717046297,1,6029019,9
5684,-38.73019108167,-72.5659870642926,0,6043763,8
5668,-38.7577310449771,-72.6305218440763,0,6054030,5
5601,-38.741817765002,-72.6241500941978,0,6074292,2
5578,-38.750997412082,-72.6073351172286,1,6093898,3
5664,-38.6910659390147,-72.5194123329659,0,6115905,5
5717,-38.6916793980866,-72.6677691585191,1,6153025,4
5578,-38.7501177055778,-72.6423119004299,0,6156754,6
5580,-38.7240240971794,-72.6182023857239,1,6176555,3
5680,-38.7533688533055,-72.6419335199409,0,6216031,5
5694,-38.734595060514,-72.5668789458101,0,6245202,2
19960,-38.7403961220205,-72.5919679942617,0,6253851,4
5694,-38.7390948557602,-72.5998704231852,1,6269631,1
5713,-38.7259332323145,-72.5745489868367,0,6293656,3
20173,-38.7738722457308,-72.5904333374485,1,6327437,1
5588,-38.7635818363469,-72.6068237042994,0,6372181,2
5697,-38.7359191831625,-72.5749999109983,1,6373806,2
5726,-38.7218024372876,-72.6381314638397,0,6461817,5
5714,-38.715237301216,-72.5598555517757,0,6483271,4
20129,-38.7210368291818,-72.5646538665546,0,6505195,3
5606,-38.7232525284504,-72.6089970131183,1,6553869,3
5675,-38.7215565165754,-72.6351340834551,1,6584973,4
5668,-38.7411338959443,-72.6217188157158,0,6606137,3
5684,-38.7342953589371,-72.5736135274978,1,6656230,5
5694,-38.7236300255576,-72.6382527652287,1,6661780,4
20137,-38.7395507198221,-72.5942925792489,0,6676104,2
19923,-38.7509499123184,-72.606604169181,1,6706176,2
20212,-38.7430191934965,-72.6355174486723,1,6716825,4
5694,-38.7291366471775,-72.5678771077336,1,6742312,5
5604,-38.7579636809675,-72.6266251180926,1,6749598,2
5682,-38.7142632727766,-72.6256684384657,1,6803337,8
20129,-38.747330338841,-72.5892134420823,1,6850347,3
5717,-38.7539478815878,-72.6457372511029,1,6920906,2
20218,-38.7450765657867,-72.5970646209234,0,6922784,3
5569,-38.742494994392,-72.5831048249292,1,6923297,2
20129,-38.7679658301316,-72.7550574049956,0,6934716,4
5698,-38.7201417478238,-72.5600003034423,0,6996260,3
5694,-38.7106164113181,-72.6539788169109,0,7056564,2
5589,-38.7256096622455,-72.5701951409222,1,7078230,6
5597,-38.7112312324389,-72.5494184896145,1,7139054,3
20048,-38.6984592828835,-72.5516602453181,0,7189289,3
5580,-38.7434351356393,-72.626275085444,0,7210450,2
5659,-38.7464063928491,-72.5873154005795,1,7228139,4
5569,-38.7181679318433,-72.6239688369491,1,7266816,3
20137,-38.7572262103004,-72.6300760296906,1,7288982,5
5589,-38.7296420208224,-72.572052272191,0,7394213,3
20218,-38.7115504162001,-72.6545247797451,0,7413598,3
5682,-38.7020875431374,-72.544080168031,0,7431761,8
5814,-38.726052314125,-72.6227836160716,0,7450767,3
5684,-38.7213867123646,-72.6062336758824,1,7465033,2
5659,-38.774393756546,-72.5912059555836,0,7512259,1
20218,-38.7238246749488,-72.6138650488111,0,7526356,5
5590,-38.7707610368607,-72.587970899363,1,7553632,1
5694,-38.7293199073541,-72.6198769222131,0,7578645,2
5596,-38.7382242475186,-72.6237229161506,1,7582020,4
5713,-38.6898534191549,-72.5183160602225,0,7593351,3
5652,-38.7695295737053,-72.594894141329,1,7605841,3
11465,-38.7614242289036,-72.6332100949053,0,7607090,2
20173,-38.7368050746719,-72.6207083353256,0,7646517,3
19960,-38.7343435655477,-72.6399802332047,0,7649352,2
5590,-38.7359821726735,-72.6027174275873,0,7683047,4
20137,-38.7376533593445,-72.5968766157927,0,7713801,2
5604,-38.7706059783824,-72.5999158907879,0,7719115,1
5726,-38.7523504146063,-72.6197653612691,0,7733693,5
19960,-38.7042775157372,-72.5412696983323,1,7745190,3
5578,-38.745047361095,-72.5774939381194,1,7789076,11
5652,-38.753332306131,-72.6622297822707,1,7818178,3
5596,-38.6887974640996,-72.5200197227994,0,7824069,3
5582,-38.7249584266257,-72.5592493828793,0,7889516,1
5582,-38.7271105879161,-72.5551656498787,1,7897798,2
20137,-38.7292347604908,-72.6236029706213,0,7962812,5
5569,-38.7173113787784,-72.6168404043106,1,8048870,4
5782,-38.7276466882115,-72.5641324491205,0,8056841,4
5661,-38.7555772229597,-72.6249402917818,0,8081811,7
20129,-38.7108524008107,-72.5489893283161,0,8094024,2
5713,-38.7139167985458,-72.6460470815366,1,8116290,5
5585,-38.7720088941374,-72.5957420726971,0,8117061,2
5597,-38.6928141489459,-72.5289814008795,0,8126058,5
5580,-38.7157647524045,-72.6255803216548,1,8188772,1
5813,-38.7733522325745,-72.5854650043139,0,8192131,2
5585,-38.7754862652011,-72.5978936723466,0,8225480,2
5726,-38.746882198619,-72.5848796830794,1,8272868,4
5722,-38.737370000127,-72.6211441820789,0,8351051,4
5590,-38.7327847413114,-72.627322094784,0,8366613,5
5782,-38.7399740207089,-72.5937494520966,0,8381018,3
20016,-38.7409130096083,-72.6461720390632,0,8381235,3
19960,-38.7389352159606,-72.5967772779041,1,8383520,4
20085,-38.7344123051852,-72.5647097497799,0,8409371,1
20218,-38.7217149782766,-72.5591808617589,0,8436848,2
5578,-38.7211095052832,-72.5538649711987,1,8439078,2
5697,-38.7409653797448,-72.5968083336297,0,8443114,2
5588,-38.7279999533,-72.6224929325167,0,8490759,2
5575,-38.708770530121,-72.6228442425316,1,8502157,2
20137,-38.7445931666427,-72.5830039467454,1,8531035,5
19983,-38.7385427527261,-72.5942186717914,0,8553380,4
5668,-38.7316217969321,-72.56426464466,1,8592816,2
5713,-38.7217554067624,-72.6108890740399,0,8595176,2
5659,-38.733253375915,-72.6282037598952,0,8595227,5
5698,-38.7183322594214,-72.5630705984762,1,8635983,8
5585,-38.734692986729,-72.5861282328032,0,8682841,4
19923,-38.7351200757351,-72.6131968245104,1,8711596,3
5722,-38.7386747327499,-72.5927369972187,1,8733155,1
5597,-38.7359551026477,-72.6189973850431,0,8744573,3
5746,-38.7407390512679,-72.5941305208425,1,8746282,3
19944,-38.7507917587673,-72.640252312157,0,8807418,3
5652,-38.7151627021326,-72.6559035415684,0,8808283,3
5717,-38.7739497135038,-72.5970734781255,1,8840074,6
5694,-38.7354046640494,-72.6290502827226,1,8851237,2
5580,-38.7227652384344,-72.6115401776429,0,8853482,2
20181,-38.7621104684696,-72.6482481590038,0,8897673,4
5661,-38.7176995970335,-72.6199667462293,1,8900471,3
20048,-38.7556301995698,-72.6555054019567,0,8908537,1
5675,-38.7056250281588,-72.5410060425371,1,8931227,2
5682,-38.7571860364739,-72.6495941708288,1,8934797,3
20137,-38.7343657554556,-72.6207249442797,1,8941157,3
5703,-38.7382540388164,-72.6055215953077,0,8951342,4
5675,-38.7164777449671,-72.6218689818962,1,8952848,4
5604,-38.760182557677,-72.6338277697692,0,8977961,2
5698,-38.7688429138965,-72.5949962817172,1,8990088,1
20085,-38.7421389736049,-72.6291592341956,0,9033728,4
5659,-38.7632670525524,-72.7500599916932,1,9082894,1
20212,-38.7403347738887,-72.5935380453821,0,9098853,3
5694,-38.7457499182889,-72.6142889686528,1,9118600,4
5608,-38.7571132350976,-72.6226741128481,1,9139410,4
20137,-38.768595502397,-72.6014614214648,1,9170303,2
5582,-38.7172561955508,-72.6135473060747,1,9199820,1
5601,-38.7557711633739,-72.6565979415385,0,9211413,4
5596,-38.7122037752809,-72.6631137034566,0,9220008,8
5698,-38.7270554296544,-72.5649977959853,0,9256655,5
5654,-38.7310515490922,-72.6294035046832,1,9329259,2
5686,-38.7245536267931,-72.6175316812069,0,9346369,2
20100,-38.7354892800754,-72.5824526689876,1,9372383,8
20085,-38.7427263467049,-72.6197391728409,1,9401190,2
20181,-38.7512553810681,-72.6224851820032,1,9406232,3
5703,-38.7057850488855,-72.5454912889386,0,9468288,1
5682,-38.7686060889054,-72.6079432589025,0,9481258,3
5680,-38.738743828085,-72.5885729328493,0,9488018,4
20212,-38.7416780785415,-72.5758024138531,1,9493849,4
5580,-38.7196718940695,-72.6093621359813,0,9566865,3
19923,-38.7350216819466,-72.6458806156842,0,9601785,2
5582,-38.7228178891171,-72.6364713877244,0,9667787,4
5686,-38.7133002817791,-72.6275725134059,1,9686267,2
5582,-38.7168134842073,-72.6498884586398,0,9719007,3
20016,-38.7729808023355,-72.5974678112786,1,9821673,1
5608,-38.7130689565866,-72.6578184839857,0,9830193,4
5706,-38.7574060647334,-72.632345270485,1,9832452,3
5697,-38.7172705486708,-72.6485801297858,0,9848969,3
5575,-38.7168087340507,-72.6580272750532,0,9851253,3
19944,-38.7120528180166,-72.6273744708444,1,9951166,2
5590,-38.7150937396445,-72.6320929937013,0,10049331,4
19960,-38.7176926988463,-72.5637321248941,1,10081954,5
5585,-38.7747622743132,-72.5976278895865,1,10098107,1
5782,-38.7512625632118,-72.6268372213826,0,10104516,3
5675,-38.7088954741332,-72.5563407733212,0,10109814,3
5589,-38.755713612942,-72.6200443788225,1,10123310,6
5661,-38.7459252224123,-72.6346584243364,0,10160274,2
19944,-38.7324647185354,-72.6104667049187,1,10177062,4
5694,-38.7150546509027,-72.5561739265102,1,10213323,2
20085,-38.7772349520008,-72.5953335956737,0,10247277,2
5601,-38.7487552016451,-72.6069911031778,0,10256194,2
5714,-38.7405515599539,-72.5933448862586,1,10283839,4
19923,-38.7067535767482,-72.539952756768,0,10300067,1
5664,-38.7130803191804,-72.6593588688609,1,10323478,4
5582,-38.7392906788662,-72.5927816819616,1,10328980,1
5578,-38.7316152391196,-72.6399506655674,0,10338089,6
20100,-38.7233221842316,-72.6159149058335,0,10344916,4
20085,-38.7126885807203,-72.6218774542517,1,10448782,4
5746,-38.7072094693521,-72.5472306383152,1,10490075,1
5580,-38.7392433463482,-72.6169181508153,0,10553575,2
5592,-38.7576123177508,-72.6285353315222,0,10564205,6
5668,-38.7345454002199,-72.6016743427122,0,10601061,5
5706,-38.754154534799,-72.6542753136129,1,10604443,2
5698,-38.7133461099439,-72.5550242802025,1,10608526,3
5682,-38.6916981492265,-72.528302745865,0,10608680,4
5813,-38.7240690200935,-72.6348813821768,0,10672900,3
5592,-38.73471157911,-72.6253428271452,1,10685008,3
5597,-38.7243872418988,-72.5610185156952,0,10689095,5
5746,-38.7158199440136,-72.6327584986113,1,10697824,3
5652,-38.7174160238858,-72.5692072926845,1,10733908,5
20016,-38.7547917575701,-72.6503557206251,1,10750211,3
20085,-38.7274227395985,-72.5578221731396,1,10846467,1
20212,-38.7418852904983,-72.5717899889574,0,10872755,4
5580,-38.7433187553472,-72.5921534319118,0,10879917,1
20137,-38.7752844065119,-72.5911806546532,1,10906269,1
20181,-38.7051000142097,-72.5412904755523,0,10947395,7
5782,-38.7322887600019,-72.5576220491469,1,10978459,2
5698,-38.7186907389184,-72.6524445682557,0,11007406,3
5706,-38.7364462472059,-72.6378812320032,0,11021762,6
5703,-38.7138315629293,-72.6576567188543,0,11068153,2
11465,-38.7122058802697,-72.626973148016,1,11099279,6
20100,-38.7191881625317,-72.6154458096607,1,11101866,4
5590,-38.7377489856403,-72.5959818207476,1,11119304,6
5746,-38.7352097909716,-72.5679420930109,0,11189791,3
5589,-38.7452244016501,-72.6278991672394,1,11193151,2
5714,-38.7579354152664,-72.631862536665,1,11198463,4
20016,-38.7255996819382,-72.6113727614453,1,11214155,3
5713,-38.7433432466843,-72.5771556002427,1,11217255,11
5601,-38.7530708091692,-72.6340946698632,1,11274160,4
20212,-38.7087720279427,-72.6641325907127,0,11276546,6
19983,-38.7116416633295,-72.6549162877699,1,11308086,4
5569,-38.7365833390259,-72.624396618672,0,11329264,2
5746,-38.7346153688417,-72.5692734116871,1,11346323,5
5813,-38.7231936594903,-72.5576523484174,0,11349556,5
5782,-38.7582513646999,-72.6345673683617,1,11405865,3
5703,-38.7393682814047,-72.5926105149558,1,11474818,5
5782,-38.7740171630467,-72.5972348865951,1,11479209,1
5664,-38.7561274852306,-72.5993616610842,0,11480511,4
5814,-38.7109820836459,-72.6643775309664,0,11553396,3
5717,-38.7010611454655,-72.5529922367545,0,11561342,4
11465,-38.7441523160271,-72.6280574498793,1,11596226,3
20129,-38.7203946857745,-72.5657898456308,0,11642768,3
20085,-38.7617756750037,-72.6491390895826,1,11646720,2
5682,-38.7211767005523,-72.6198837831145,0,11676040,3
5608,-38.7606458977643,-72.6276982138038,1,11679702,2
5697,-38.7394553365303,-72.5918690208808,1,11697954,4
20048,-38.763314867388,-72.5978957040627,0,11737184,2
20218,-38.7681353716003,-72.7667075207273,0,11738109,6
20100,-38.7408751669414,-72.5932851940301,1,11751948,2
5590,-38.74257409977,-72.5819511365419,0,11756765,4
5659,-38.7460434399971,-72.6050281996199,1,11775634,2
5675,-38.733170570259,-72.6232427303908,0,11807465,3
5575,-38.739588312886,-72.5919924523991,0,11843012,5
19983,-38.7316174778168,-72.5805147856723,1,11853304,5
5814,-38.7353855697488,-72.5682548781504,1,11993517,3
5714,-38.7181871409691,-72.5512061004278,1,12016159,1
19983,-38.7437301496456,-72.6170730491084,0,12110278,2
5697,-38.7393051888772,-72.5885396442522,0,12129820,2
19960,-38.737205028964,-72.630614159948,0,12136164,3
5580,-38.7232435754834,-72.6192616499903,1,12167403,6
5694,-38.7245401778665,-72.619143426781,1,12170474,5
5698,-38.7366522101165,-72.5890483265093,0,12188947,2
5588,-38.7234855871297,-72.6347828184996,0,12259871,3
5580,-38.7123898005923,-72.6526590970196,1,12262549,3
20100,-38.751952131247,-72.6160168352694,0,12277730,3
5601,-38.7047808901211,-72.5421461458299,0,12291869,3
5713,-38.7087444897909,-72.6262374861514,1,12300736,4
5589,-38.7081562994556,-72.6253838112414,1,12306216,3
5694,-38.7446159917556,-72.597651116458,0,12307736,4
5664,-38.7206196460893,-72.6059930311072,1,12307980,3
20218,-38.7408678385932,-72.6482413151327,0,12340519,4
19983,-38.7729570605305,-72.5846849136662,0,12349733,1
20096,-38.7390819816193,-72.617527066633,1,12390248,3
5698,-38.7677449781884,-72.5973523039477,1,12410090,1
19923,-38.7313523783537,-72.6134490613625,1,12422950,2
5746,-38.7372040839276,-72.6231397122065,0,12438645,1
5659,-38.7469041670429,-72.6316989931104,0,12475172,3
20096,-38.7128426288249,-72.5495917131965,1,12476686,3
5686,-38.7363728135584,-72.6222093513969,0,12478839,5
11465,-38.6926419267566,-72.6680329310621,0,12499662,4
5714,-38.7666756719316,-72.6067249200686,1,12515466,2
20181,-38.7240820266607,-72.6326329089528,0,12546182,1
5726,-38.7518329524223,-72.6121273225617,0,12552144,2
5813,-38.7346995637027,-72.5672509259476,1,12557780,2
19944,-38.7091665732324,-72.6540382371557,0,12604460,2
5580,-38.7167719456231,-72.5557549855609,0,12665074,2
5682,-38.7476175457616,-72.6066203260631,0,12691519,1
20085,-38.777998336083,-72.5954717403772,0,12731416,1
5582,-38.7542795912668,-72.6637901208093,1,12743085,4
5611,-38.7501071826388,-72.6177798417758,0,12752335,2
11465,-38.7230559782772,-72.6220239732306,1,12782157,4
5668,-38.7151995019967,-72.6191114694974,1,12802531,1
5601,-38.7283193514053,-72.5548131475939,1,12818499,2
5588,-38.7146009933602,-72.6525004955713,0,12839720,3
19944,-38.7356463819655,-72.5966848117512,1,12865194,4
5661,-38.718363234982,-72.5561579666302,0,12882864,3
5726,-38.771812587014,-72.5966303530472,0,12920957,6
5588,-38.7306333320467,-72.560996091354,1,12927460,4
5580,-38.7232410881033,-72.5560498708063,1,12932652,2
5694,-38.725248161216,-72.6055855088894,1,12971330,3
20173,-38.6901570675371,-72.6562963323739,0,12974606,2
5659,-38.7393458624964,-72.6374400290478,1,13014247,9
5582,-38.7332938323564,-72.5816904974952,0,13020571,1
20173,-38.7103393392802,-72.6632243610063,1,13030421,4
5597,-38.7251877382975,-72.633863656773,0,13040714,7
5611,-38.7268753892963,-72.5570994469515,0,13047507,4
5604,-38.7698127390756,-72.5881428528322,1,13087787,2
5713,-38.733668465739,-72.5652449459154,0,13104952,3
5668,-38.7524693875631,-72.6367669074084,0,13105730,3
5726,-38.7648764813608,-72.5986903980727,1,13197975,2
5654,-38.7107902020497,-72.634980878413,1,13204406,4
5726,-38.7132779082966,-72.6267173921082,0,13232723,4
5782,-38.723415551643,-72.6098919779677,1,13235481,2
5813,-38.7246890985495,-72.5747235253561,1,13369548,4
5706,-38.717025940907,-72.6110661642009,1,13377667,2
5590,-38.7157768868961,-72.6490664440806,0,13438152,3
5588,-38.7285892303578,-72.5739444945489,0,13467141,4
5698,-38.7681955799091,-72.6057789648037,1,13527369,2
5713,-38.7469630348191,-72.6062671701415,1,13565893,3
5590,-38.7741110125461,-72.6043843034021,0,13570580,4
5726,-38.7392683576355,-72.5982504601836,0,13637862,1
5589,-38.7513467861119,-72.6321756087531,0,13638717,3
5604,-38.7137177047167,-72.5593890427441,1,13664291,5
5569,-38.7557547706821,-72.6278537808094,0,13675895,5
5585,-38.7160565862099,-72.6133614583999,1,13683997,1
20173,-38.7282083883064,-72.6171450110864,1,13694275,1
11465,-38.7144510495145,-72.6471134772583,0,13721276,4
20173,-38.723627319405,-72.5632147745236,1,13742555,3
20100,-38.7095622462075,-72.6520924611638,1,13744695,3
5592,-38.7517932519153,-72.6064034583789,0,13756338,2
5590,-38.7172816847769,-72.6206787594708,1,13771938,2
5597,-38.7249425974691,-72.6208276710737,0,13776107,3
5601,-38.7228451885721,-72.6317742385784,0,13784688,4
19944,-38.7199978615758,-72.5669179800149,1,13790599,2
5697,-38.7550939957267,-72.6501817989199,0,13828778,2
5590,-38.7260260660814,-72.6065112322811,1,13835762,5
5661,-38.7526687065386,-72.606573030068,1,13871930,4
5697,-38.7406420023647,-72.5918221359956,0,13877620,5
5652,-38.7341418908594,-72.632183354673,0,13944110,4
5726,-38.7119008978015,-72.6551835510745,0,13949013,5
5589,-38.7160058172037,-72.6583332138026,0,13969302,2
20173,-38.741860345137,-72.5907689068803,0,13977885,2
5686,-38.7224702511785,-72.5721976297227,1,13979422,2
5606,-38.7567897428195,-72.6503633900275,0,14037027,3
5652,-38.7679835087734,-72.5962539461591,0,14074572,3
5668,-38.7116904951924,-72.5567702131939,0,14076829,2
5592,-38.7343793698847,-72.5834086402963,0,14170099,3
19944,-38.7673696518635,-72.7662015427013,1,14170428,6
5717,-38.7753690616502,-72.5938373719146,1,14195927,1
19923,-38.7214891003977,-72.6173363997401,0,14208366,4
20100,-38.738966372902,-72.5938042272742,1,14208612,3
5585,-38.7448542741992,-72.5829499886633,0,14248594,5
5717,-38.7344731576781,-72.6217146553759,0,14308268,3
20173,-38.714430842832,-72.6484901067945,0,14313406,3
5590,-38.7366168073446,-72.62951389606,0,14396904,2
11465,-38.7247015298208,-72.5692825675738,1,14417299,2
5682,-38.7135558604424,-72.6268258072963,0,14422698,5
5746,-38.742032751768,-72.6427004448712,0,14437019,3
20173,-38.7277904194992,-72.6095819598133,1,14456195,2
19923,-38.7188414985571,-72.622859165913,1,14538434,4
5694,-38.7126528786437,-72.5542495195118,0,14550981,5
5694,-38.7390166110988,-72.5967582856337,1,14605990,3
5582,-38.7160108406547,-72.6527997080374,1,14663086,3
5713,-38.71231924584,-72.6631757706239,0,14683706,4
5686,-38.7615507666895,-72.6518038141728,1,14688050,3
5652,-38.732638573429,-72.5874050690604,1,14689227,1
5782,-38.7730557848714,-72.7526500148686,0,14712705,1
20218,-38.7592759327617,-72.6432845631376,1,14717343,4
5714,-38.7611181525754,-72.6006412962199,1,14721478,1
5706,-38.6924086341104,-72.5282138141736,0,14773716,1
5578,-38.7304658969189,-72.5664213046754,0,14809186,3
20129,-38.7337771253133,-72.5668162363893,0,14830244,2
5664,-38.7131564882548,-72.5560457857925,0,14853463,4
20016,-38.750246434144,-72.6249058131627,0,14873092,8
20096,-38.7550102870769,-72.6350788276562,0,14968044,4
5697,-38.7401951601275,-72.6280159765071,1,14998100,1
5703,-38.7396984171133,-72.5939521846116,0,15047424,5
5714,-38.7336942129007,-72.5983070671518,0,15050065,1
5608,-38.7559833163806,-72.6220696862243,1,15068082,4
5680,-38.7187708788001,-72.6178445148994,1,15133604,2
5569,-38.7576596159619,-72.6520449154586,1,15154814,2
5588,-38.7098977841886,-72.6623913355734,0,15259180,5
19960,-38.7406910240261,-72.5935709497235,0,15320849,2
5782,-38.7334602883809,-72.5939556831676,0,15345072,6
5664,-38.7236849397819,-72.6238253638922,0,15348312,4
5589,-38.7342624089561,-72.619763447382,0,15349061,2
5686,-38.7538236264039,-72.6368512208086,1,15377606,2
5726,-38.727339519361,-72.5658223642611,1,15390372,4
5714,-38.7530602475124,-72.6270973378767,1,15413149,6
20016,-38.7575957251097,-72.6243389034607,1,15424899,5
20129,-38.7392472451739,-72.5973365741069,0,15425335,7
20048,-38.7402078638278,-72.5926354446853,0,15449283,2
5569,-38.7228770403635,-72.6248994799484,0,15493961,1
5592,-38.7159341493916,-72.5641937759314,1,15509536,2
5569,-38.7138537147235,-72.5576401551597,0,15566101,2
20137,-38.7425078945592,-72.6027793097834,0,15682335,2
5703,-38.7580782471324,-72.6297463361274,0,15689787,3
5675,-38.7533360045533,-72.6318413825893,0,15697637,1
5597,-38.7390687350846,-72.5933316650823,1,15708486,1
20100,-38.7543556098787,-72.649288524772,0,15713376,4
5694,-38.7140450276233,-72.6530331069917,0,15714485,3
5597,-38.7150645307566,-72.6187648178782,0,15745378,3
11465,-38.6809198420095,-72.5025116490547,0,15800015,2
5578,-38.7137995812962,-72.6491736279002,0,15817797,2
5680,-38.7736308420307,-72.5967606677481,1,15840945,1
5813,-38.7109732141121,-72.5547312395377,0,15882138,2
5698,-38.7299364397434,-72.6156641581613,1,15887942,4
5589,-38.7318089956118,-72.5812003580698,1,15923817,4
20016,-38.7139816301548,-72.6572026903483,0,15941720,2
5726,-38.7261777081611,-72.5655379198085,1,15942059,2
20137,-38.7425497706641,-72.5853348677006,0,15985596,4
5588,-38.7158096859152,-72.6298140994892,1,15999684,3
20173,-38.7193546586693,-72.6060599556116,1,16037818,3
5682,-38.7191669305764,-72.5562715662629,0,16108987,4
20048,-38.7173967565326,-72.5552649283594,1,16145492,8
5686,-38.7258887470664,-72.6092158255463,0,16146925,3
5782,-38.7094773488623,-72.6254031332,1,16148465,4
5589,-38.7387600822219,-72.5936786178054,1,16214400,3
5686,-38.7533719348798,-72.6300435069789,0,16288056,3
5588,-38.7521462250567,-72.6399609217464,0,16288346,5
5686,-38.7600738270248,-72.5969381477064,0,16346127,3
5698,-38.7736579323936,-72.5977420045434,1,16370952,3
5654,-38.7310430486321,-72.6410782476012,0,16446704,2
5585,-38.7037135704188,-72.5408409017618,1,16530049,3
5726,-38.7498706052032,-72.626596834361,0,16534970,2
20129,-38.7406303349287,-72.5931714216797,0,16553006,4
5585,-38.7109715566489,-72.662001945254,0,16595309,2
19983,-38.7098302836737,-72.5452193491423,0,16610096,5
11465,-38.6910434487438,-72.6569013828946,1,16674573,1
5575,-38.6994381223266,-72.5364198490955,0,16682760,3
5590,-38.7180696645655,-72.555136005825,0,16694836,3
5746,-38.6955818334466,-72.528973967275,0,16750260,3
19944,-38.7274643898079,-72.6207239417943,0,16755348,4
5697,-38.7625785419407,-72.7730255167696,0,16782199,1
20137,-38.754725947979,-72.5839332253652,1,16807699,2
5746,-38.7160461903239,-72.6336971347954,0,16836439,4
5580,-38.7105431562843,-72.6214560831588,1,16839457,5
20085,-38.7112294108742,-72.6531312788695,0,16842844,5
11465,-38.7133906431609,-72.6530401080675,1,16905913,5
5611,-38.7250338250678,-72.6076389966861,1,16968632,3
5608,-38.7668184676263,-72.7665526616709,1,17041212,1
20218,-38.7123772893659,-72.6483451734415,1,17113190,2
20129,-38.7322970866871,-72.6476702956229,0,17122303,2
5606,-38.7342503083508,-72.606981224057,1,17146876,3
5575,-38.7320263819737,-72.6247442119941,0,17155938,4
5717,-38.7282136338952,-72.6226936441111,0,17176187,4
5654,-38.7444579310528,-72.6109632606041,1,17192809,2
5578,-38.7563129866381,-72.6342222016337,0,17196532,3
5654,-38.7253562334274,-72.620650493813,1,17226491,2
5713,-38.7121231770308,-72.6588571058325,0,17242103,3
5686,-38.7573345228833,-72.6527819134935,1,17248958,1
5601,-38.7691605922004,-72.5934319247357,0,17310228,2
5608,-38.745858043069,-72.5963469573081,0,17314594,3
20129,-38.7374071873115,-72.6037992482172,1,17316141,2
19983,-38.7538043890032,-72.632199839639,1,17347676,6
5606,-38.7196692587305,-72.6260836206542,1,17349563,2
5680,-38.7530035152584,-72.6359103643807,0,17419924,4
5717,-38.7243632140407,-72.618793440315,1,17420244,3
5585,-38.679087647846,-72.5026951013719,1,17430409,2
5585,-38.7173387701576,-72.6094497003968,1,17474041,3
5588,-38.7122798092768,-72.6543867379901,1,17537848,3
20137,-38.7406429066341,-72.5941001816049,1,17565851,2
5585,-38.7440882248164,-72.6091558333899,1,17623866,2
5608,-38.7392513027293,-72.5923553323,1,17625593,3
20137,-38.7612935999532,-72.6468653855842,1,17672765,4
19944,-38.71087059816,-72.6325877117676,0,17738629,1
11465,-38.7122898746242,-72.6220112014804,0,17740062,5
5714,-38.7470620737193,-72.5858109917553,1,17770051,9
5588,-38.7503919538481,-72.6301960179193,1,17799851,3
5682,-38.7527520829781,-72.6155169675083,0,17859553,3
5585,-38.7606430071797,-72.6300044897996,1,17865457,3
5713,-38.7086234889372,-72.6609994784456,0,17897078,2
19923,-38.7314414622775,-72.621354350591,1,17926182,3
5601,-38.7128233207389,-72.6561603005741,0,17998113,3
5652,-38.717551327071,-72.6244856642871,1,18024534,2
5585,-38.740736813841,-72.5937153716545,0,18039375,3
5680,-38.7198009401372,-72.5737572565861,0,18055160,3
5686,-38.7457006242576,-72.6193347257714,0,18103219,2
5652,-38.7258024467785,-72.6154137876916,0,18110215,5
20048,-38.7374401366594,-72.5966441387412,0,18172295,5
20137,-38.7433041447461,-72.5775258579169,1,18223296,2
5569,-38.7154800004124,-72.6504862867531,1,18223751,3
5697,-38.7194760617304,-72.6249250801151,1,18233438,2
5682,-38.7408529297469,-72.5928274720986,1,18238688,3
5686,-38.7405695377911,-72.5932596940783,1,18260079,2
5813,-38.7573672210983,-72.6161922752659,1,18274840,3
20016,-38.7026243416967,-72.5425560577303,0,18317708,2
5585,-38.7233181655793,-72.6199368403328,1,18330901,2
5746,-38.7393391987722,-72.5698235841553,1,18347290,1
5713,-38.7394069319581,-72.5933756624133,0,18347713,2
5611,-38.7742141117008,-72.5912763466785,0,18351295,3
5611,-38.7756155050659,-72.5958514572385,0,18380813,1
5588,-38.6904186468778,-72.6555599158234,1,18390031,1
20181,-38.7682585021402,-72.7413203957976,0,18392011,7
20137,-38.7502011956611,-72.6259887849237,1,18430923,5
5746,-38.7420660790482,-72.6074382475408,1,18442621,7
5726,-38.720486519892,-72.5556269159767,1,18476018,4
20085,-38.7753474744085,-72.6035101102141,0,18501294,3
5714,-38.7105045489206,-72.6545041696683,0,18507756,4
5588,-38.7270941015097,-72.6232962538555,0,18543512,2
5588,-38.7171321160604,-72.6390622466756,0,18592526,2
20096,-38.7489239568073,-72.6297531792822,0,18718682,3
5782,-38.7767728911028,-72.6059752827661,0,18764657,3
20048,-38.7388721024617,-72.5936674123776,0,18812326,1
5585,-38.7704809437799,-72.5935419315911,0,18831288,1
20137,-38.7651905018517,-72.6033459871004,0,18869086,4
19960,-38.7592322801582,-72.6323572222495,1,18892445,2
20085,-38.7395778538085,-72.5941467748345,1,18892535,1
20173,-38.7540046903199,-72.6149004263012,1,18909685,2
20173,-38.7575650260676,-72.6374053929219,1,18954408,4
5717,-38.7062022512702,-72.5387113173628,0,19046689,1
5611,-38.7590364839218,-72.6290574070523,1,19054048,2
5580,-38.7076799992543,-72.5461219623129,1,19072258,3
5664,-38.7594419010554,-72.6018511673458,0,19072520,8
5611,-38.7104782065045,-72.6238123215015,0,19128060,4
20137,-38.7351903733077,-72.6079517454727,0,19128806,2
5611,-38.7768952914306,-72.6020826788363,1,19154117,4
20129,-38.7172864299229,-72.5678729904049,1,19159491,3
5592,-38.7154827455178,-72.6525087971313,0,19163381,2
20048,-38.7401159539061,-72.5761218502603,1,19180104,2
5582,-38.7154361554809,-72.6526584009659,0,19247726,3
20137,-38.7378026164505,-72.5903736342302,0,19292165,2
5588,-38.7499948402011,-72.6353094784919,0,19297443,2
5580,-38.7267858441059,-72.6111541055253,1,19329659,7
5611,-38.7394202731349,-72.5940695705875,1,19350765,7
5698,-38.7718860473753,-72.597767180712,0,19355437,2
5578,-38.7283986076511,-72.6399267036637,0,19370163,4
5608,-38.754264464305,-72.6546213633896,0,19394286,5
20137,-38.7146143089733,-72.6240815673224,1,19413159,4
20137,-38.7085313399325,-72.6517964857874,0,19452600,7
5782,-38.7474662367193,-72.6152130766744,0,19456517,2
5592,-38.7539710237992,-72.6494157114599,0,19518747,2
5714,-38.739382717909,-72.5928819070048,0,19521502,2
20173,-38.7508821088707,-72.6191847575435,1,19537618,2
5652,-38.708280138658,-72.6614173062348,0,19558053,2
5589,-38.7672988598266,-72.7648689595402,0,19558961,1
5608,-38.7225705409556,-72.6079201556342,1,19561274,3
5652,-38.75434496758,-72.6203788817169,0,19585838,4
5813,-38.7493184266267,-72.6186151196812,1,19603467,2
20016,-38.725884565997,-72.6059091678887,1,19608440,3
19944,-38.7404627107016,-72.586536654402,0,19635562,3
19944,-38.741585865464,-72.6026971857464,1,19651450,1
19960,-38.7597971278857,-72.6202896013763,0,19654741,5
5782,-38.6929450286184,-72.5275896947573,0,19665880,3
20181,-38.7378293458705,-72.596769075082,1,19671654,2
5680,-38.7738375101731,-72.597626628958,1,19708884,2
5675,-38.7149312406727,-72.6316492527987,1,19711381,2
5706,-38.7397456692381,-72.6468580598436,0,19717455,5
5713,-38.722897379169,-72.5625488284461,1,19728465,4
5580,-38.7106822829131,-72.6538036455419,0,19754301,3
5652,-38.7168444344733,-72.6369114819324,0,19792724,3
5611,-38.73829680787,-72.6338732033986,0,19795314,6
5746,-38.7509956271348,-72.629328362647,0,19801813,3
11465,-38.7574492369205,-72.6396787172963,0,19821790,3
5592,-38.7377355186096,-72.636446296129,1,19834908,2
20085,-38.7406915030151,-72.5938242050727,0,19852391,1
5698,-38.7301031390649,-72.5579202311609,1,19868538,3
20096,-38.7103016389682,-72.6670916189072,1,19897119,2
5608,-38.734366884221,-72.6000172161355,0,19929049,5
20173,-38.6985037553394,-72.5507184831888,0,19930747,3
20181,-38.728624493383,-72.5599420205988,1,19986041,2
5746,-38.7190356749027,-72.627120416429,1,20000797,6
19960,-38.7150647642448,-72.6465943509445,0,20019843,2
5592,-38.7096755126087,-72.6577604149945,1,20027940,3
5782,-38.7736575288585,-72.5980174167402,0,20073464,1
5694,-38.7167514049828,-72.6318494740319,0,20075306,4
5592,-38.7325769937076,-72.6303478268889,0,20099106,4
5680,-38.7398771477584,-72.5927891913449,0,20116668,2
5782,-38.7292433137542,-72.5641926917177,1,20133934,2
5703,-38.7118427997898,-72.6288727439808,1,20136170,3
20016,-38.7604533596575,-72.6377039747135,0,20185786,2
20129,-38.7217741563061,-72.6222115957063,0,20253008,7
5592,-38.7590499110943,-72.6248796824049,1,20324064,4
20048,-38.7437361286688,-72.6103813232578,0,20325210,3
19960,-38.7594820701698,-72.6288974929748,0,20348100,3
5652,-38.7404632948698,-72.5942668347161,0,20388988,4
5652,-38.733611586155,-72.6226442974718,0,20445264,4
5592,-38.7008825809244,-72.5523386556858,0,20464016,4
19923,-38.7402129077106,-72.5924416225047,0,20479964,4
20218,-38.7289544627797,-72.5707340851835,0,20530420,5
5569,-38.7221861714439,-72.6165684075751,0,20573070,4
5782,-38.7588228675929,-72.6003065638644,0,20576056,2
5654,-38.7287568473146,-72.5657601595491,1,20692560,8
5698,-38.7183796305366,-72.5610706069301,0,20741415,5
5606,-38.7055220018682,-72.5400347154129,1,20870615,4
5746,-38.7255977283622,-72.559174079633,1,20915339,4
20137,-38.722986249904,-72.5717121591344,0,20922919,4
5582,-38.7458588005601,-72.6239272984614,1,20936228,6
5589,-38.7465934741907,-72.5810102887977,1,20938151,2
5582,-38.7131185726306,-72.656203045168,0,20964034,4
19944,-38.7185803461291,-72.5586270603909,0,20975024,5
5746,-38.6877815397731,-72.658586425415,0,20988426,3
5580,-38.7242115087115,-72.6217033103667,0,21054286,6
20137,-38.7404455620798,-72.593528575863,0,21054287,6
5706,-38.7715980980826,-72.5847331455566,0,21143596,3
5746,-38.7359981755662,-72.5856059555735,0,21148190,4
20137,-38.7292163773622,-72.620725315252,0,21167213,3
19960,-38.7124063232536,-72.5499358964506,0,21255157,3
5588,-38.7554366934297,-72.6120276783024,1,21257486,4
5589,-38.7142861718702,-72.6199933322099,1,21262738,1
20100,-38.7329417508393,-72.5858215686671,1,21312597,4
19960,-38.7146841629285,-72.6521132098016,0,21409261,3
20181,-38.7141007225554,-72.6290389288774,1,21412347,3
19944,-38.7402147498152,-72.5932076977316,1,21434519,7
5588,-38.7480692181147,-72.606302896829,0,21439638,1
5575,-38.7084157049504,-72.5421511822937,0,21471359,4
20048,-38.7546179645834,-72.6413891848856,1,21476878,4
5601,-38.728149562814,-72.5697087431064,1,21498121,6
20173,-38.7386716628766,-72.5920218837206,1,21521700,1
19944,-38.6808575030928,-72.5027070871945,0,21530189,1
20129,-38.7419350872596,-72.5916334850676,0,21607317,3
20096,-38.6943612479705,-72.52983422888,0,21611634,3
5592,-38.7385676918762,-72.5920567781553,0,21645020,3
5717,-38.7703121027276,-72.5778463494699,0,21679983,1
20129,-38.7396395235812,-72.5937548051656,1,21744521,5
5714,-38.7443425060712,-72.6148018916439,1,21748479,2
5606,-38.7654038072273,-72.6792018376294,0,21763153,3
20173,-38.7407220823025,-72.5955759085039,0,21905265,3
5703,-38.7291594714983,-72.5719065831888,0,21983900,3
5698,-38.7361720607308,-72.6287016352493,0,22033387,4
5714,-38.7098002564402,-72.6601307017116,0,22087831,1
5569,-38.7398658864894,-72.5907164459677,1,22147490,4
5694,-38.7621885378044,-72.6317169302469,1,22179313,2
20096,-38.7337873734955,-72.6213239212254,0,22183394,2
20100,-38.7324068187452,-72.5767366034513,1,22192945,3
5606,-38.7324089123109,-72.6298398719513,0,22197194,6
5782,-38.7415913830442,-72.6315409609469,1,22254906,1
20173,-38.7146323202729,-72.6519350834289,1,22255502,6
5606,-38.7412955766131,-72.5784619637812,1,22259878,1
5654,-38.740714574098,-72.5929155034775,1,22330323,1
11465,-38.7651306106225,-72.7227250606598,0,22341256,1
20096,-38.7107880544496,-72.5542589039405,0,22424146,3
5589,-38.7336487259883,-72.5836852498236,0,22429257,5
5575,-38.7214231056619,-72.6388506231556,0,22436675,12
20181,-38.7399137555898,-72.6175308676867,1,22478750,4
5782,-38.7383898608644,-72.5665636337353,0,22484106,8
20129,-38.7225028166161,-72.6242168173788,0,22526813,4
5575,-38.7208907502398,-72.5611261305415,1,22595661,2
5575,-38.7332397667744,-72.6358337378047,0,22627975,3
5652,-38.7505260606608,-72.6117177563209,0,22628934,1
11465,-38.7048648107766,-72.542610918526,0,22638439,2
5575,-38.7337550830811,-72.6251871750567,0,22656848,2
5611,-38.7180575450397,-72.5629551159376,0,22693415,3
5608,-38.7569553476132,-72.6207029198558,1,22732724,1
20016,-38.7228593932903,-72.6125055637577,0,22754874,5
5601,-38.7601909488806,-72.6478591388787,1,22778566,4
5675,-38.7278392956601,-72.6144180613894,1,22790288,5
5589,-38.7340129788792,-72.6110608615227,0,22814136,3
5652,-38.7341229158297,-72.5762544156678,1,22830963,2
20096,-38.7129589800721,-72.6276672377834,1,22856484,3
11465,-38.7371251042238,-72.6253931808377,0,22923180,4
20016,-38.7099376516691,-72.666599567559,1,22955659,2
11465,-38.755589951161,-72.638916294629,0,22962997,6
5606,-38.7624260756663,-72.7453663350252,1,22967372,1
5713,-38.7388923351033,-72.5934439615076,0,22995104,3
20181,-38.7609130613963,-72.6312260974786,0,23031794,8
20137,-38.7361708762175,-72.5725745851109,1,23046251,7
5606,-38.6944410096599,-72.5277006052335,0,23058476,2
5694,-38.7335230905433,-72.6129766267067,0,23079557,4
11465,-38.7549938643217,-72.6453279671884,0,23129905,2
11465,-38.7140361525887,-72.6577542103367,0,23135522,4
5713,-38.7206449408833,-72.606004931336,1,23139902,2
5592,-38.7663104642447,-72.6055918040168,1,23160950,1
5597,-38.7603675392306,-72.604955491239,1,23165230,1
20085,-38.7370675791056,-72.5699294290865,1,23193255,4
5714,-38.7352787638619,-72.5923667639048,0,23232172,4
5717,-38.7373594231201,-72.6142622745308,0,23260679,3
5654,-38.689410482782,-72.6553898940472,1,23266445,1
20137,-38.7466729530215,-72.6264301157514,0,23268903,3
20173,-38.7149773064488,-72.5567269751797,1,23308610,2
5782,-38.7224473970002,-72.5551080499199,1,23347764,2
5713,-38.7436169621068,-72.6368258794699,0,23376383,3
5578,-38.7092143406742,-72.6237172650952,0,23381276,3
5675,-38.7099425841598,-72.6655557869096,0,23431596,5
5706,-38.7536753154885,-72.6336771380209,1,23456323,2
5746,-38.7390407441522,-72.59283223142,0,23473062,4
5782,-38.7679120022866,-72.5960131792762,0,23482791,2
5706,-38.7117067742557,-72.6376557889946,1,23485017,3
5575,-38.7278948579784,-72.6120774824859,1,23517487,3
5675,-38.7205613516008,-72.5654882346222,0,23535785,4
5608,-38.7573464818254,-72.6411685428063,0,23536673,2
11465,-38.7392913462977,-72.5928473172755,0,23573264,4
5611,-38.7380156404081,-72.5835978641472,1,23617881,3
5592,-38.7618444329468,-72.6238272034406,1,23627196,4
5654,-38.7495567068814,-72.6260585694875,0,23635254,3
5575,-38.7255431649812,-72.6136404397711,0,23725565,4
20173,-38.7397412481893,-72.5935062556986,1,23755482,2
20137,-38.7197434114651,-72.6179388441672,1,23789473,4
5652,-38.7758463622936,-72.5950355047648,0,23807962,1
5782,-38.7216588336804,-72.554288591565,0,23818187,2
20096,-38.7572371213878,-72.6311467069374,0,23821937,2
5782,-38.7356523097985,-72.5650841234347,1,23832812,2
20016,-38.7265133529932,-72.5662400774953,0,23838438,8
20129,-38.7650682818292,-72.7498855037764,1,23848807,1
20096,-38.717071461438,-72.5538908531298,0,23882398,2
5713,-38.7387235076788,-72.5927783478579,1,23891362,1
5589,-38.7393771514627,-72.5927606723664,0,23901023,4
5580,-38.6980662409847,-72.5483355444238,0,23906656,2
5714,-38.7176580002707,-72.6095713733663,1,23932374,2
20096,-38.7115528503859,-72.6539094752209,1,23946759,4
20096,-38.734714269231,-72.6238886536616,0,23962400,3
5746,-38.7029026149922,-72.5471358669538,1,23991888,4
20048,-38.7762171614999,-72.6043220725043,0,23996971,2
5680,-38.7539143367374,-72.6492372286559,0,24091208,2
5654,-38.7112501738459,-72.6628278166882,0,24093360,3
20048,-38.7618088074519,-72.6512594157558,0,24132424,4
5608,-38.7603138409255,-72.6312610144369,0,24169696,4
5575,-38.7241844272102,-72.6211384601332,1,24207726,2
5569,-38.7111398170632,-72.6555453626715,1,24215387,4
5680,-38.7293701546416,-72.5587349182449,1,24227014,4
5652,-38.7286438568704,-72.5682153896734,0,24238790,2
5608,-38.7281095513812,-72.6090746032831,1,24269897,3
5608,-38.7403519517031,-72.5940649691415,1,24341550,3
5746,-38.7386679373927,-72.594223193784,0,24395686,5
5694,-38.7339943028402,-72.6134620818059,0,24417958,2
5813,-38.7463979491211,-72.5902748678413,0,24449344,12
5608,-38.7401971316531,-72.5924291106719,1,24511264,3
20173,-38.7410733021698,-72.5943172162241,0,24555284,3
5694,-38.7730242960044,-72.5837246383682,0,24578163,3
5713,-38.722564247058,-72.6150370162626,0,24614197,2
5611,-38.7564909676082,-72.6499467071547,1,24631799,4
5597,-38.7725802480133,-72.5993153133425,0,24651003,2
20085,-38.7233193327824,-72.6207637688144,1,24674921,2
20085,-38.7705240728318,-72.5987869191572,0,24704490,1
5706,-38.7407924399479,-72.5927587351434,0,24800498,9
5601,-38.7538743479269,-72.6407204416298,1,24824176,2
5654,-38.7268581761124,-72.6006411402437,1,24835823,4
5611,-38.7437402020461,-72.5972235384342,0,24852270,2
5703,-38.7381473538148,-72.5667274035406,1,24859194,4
20129,-38.7337817049345,-72.5944939924582,1,24860766,4
20173,-38.7094377047177,-72.6657813039716,0,24880900,6
5569,-38.7578722634385,-72.6013936462312,1,24924345,2
5606,-38.7438456603127,-72.6038883099631,0,24938916,3
5694,-38.7360924761339,-72.5845112481188,0,24950618,2
5606,-38.7425305318447,-72.632184608577,1,24953014,3
5582,-38.7057725152169,-72.5409886249239,1,25499963,2
5582,-38.7454236021775,-72.6189550072146,0,25555693,3
5611,-38.7443853043121,-72.6193838831981,1,25557175,2
5675,-38.7405279526083,-72.5921229987218,0,25605887,12
5611,-38.7514372559189,-72.6047973825086,0,25713306,4
5706,-38.757143432459,-72.6553621857805,0,25736727,3
5580,-38.7199499926705,-72.6119378486958,0,25757933,3
5713,-38.7291976783178,-72.6219071728045,0,25764973,9
5782,-38.7368669196368,-72.6077730698747,0,25765699,3
5713,-38.7372605629138,-72.6149755207225,0,25767570,5
5606,-38.7380033352877,-72.6226291240763,0,25768138,3
