5569,-38.7520437,-72.6338937,0,12811269,4
5575,-38.7660204,-72.7471585,1,15790898,4
5578,-38.7711485,-72.7649582,1,25190023,2
5580,-38.7543245,-72.6356685,1,25282355,2
5582,-38.7393747,-72.5936886,0,25335764,3
5583,-38.7346454,-72.6255553,1,25417161,3
5585,-38.7513544,-72.6338545,1,25423922,2
5588,-38.6970793,-72.5512204,0,25437699,3
5589,-38.7539727,-72.6173215,1,25476691,4
5590,-38.7238043,-72.5796673,0,25480984,2
5592,-38.7727489,-72.576657,0,25481069,1
5596,-38.6811607,-72.5048378,0,25481079,1
5597,-38.7315037,-72.5980697,0,25481180,4
5601,-38.7729693,-72.5751453,0,25481329,4
5604,-38.7280305,-72.6053911,0,25481668,4
5606,-38.755411,-72.6281415,1,25481742,4
5608,-38.7089446,-72.6628612,1,25481888,2
5611,-38.7556563,-72.6669696,0,25483050,2
5652,-38.7390413,-72.590732,1,25501247,4
5654,-38.7394471,-72.5899934,0,25525622,4
5659,-38.6980909,-72.5356889,1,25525818,4
5661,-38.7530825,-72.6293549,0,25525938,4
5664,-38.7389664,-72.610292,1,25526390,3
5668,-38.7687144,-72.6047565,1,25527112,1
5669,-38.711878,-72.6676387,1,25527246,10
5670,-38.7128639,-72.625698,1,25527258,4
5675,-38.6928266,-72.5265765,0,25527425,3
5680,-38.7106201,-72.6586253,1,25527469,3
5682,-38.7180715,-72.6074532,1,25527599,2
5684,-38.7272109,-72.613196,0,25528151,3
5693,-38.7141373,-72.5607198,1,25528182,7
5694,-38.7108451,-72.5556684,1,25528811,2
5697,-38.7638685,-72.678159,0,25529006,3
5698,-38.6926645,-72.657607,1,25529284,3
5703,-38.707827,-72.6260754,1,25530401,1
5706,-38.7086153,-72.6672294,0,25530453,8
5709,-38.7616209,-72.6528415,0,25530509,2
5713,-38.7185832,-72.6247613,0,25530802,3
5714,-38.7612194,-72.6279026,0,25530912,2
5717,-38.7440797,-72.5888632,1,25531005,2
5722,-38.7347676,-72.5835686,0,25531112,2
5726,-38.7613662,-72.6383718,1,25531169,3
5746,-38.712279,-72.6562044,1,25531192,2
5782,-38.7313681,-72.6276416,1,25531497,2
5813,-38.7474453,-72.5871356,0,25531556,4
5814,-38.7157527,-72.6644203,0,25531678,1
11465,-38.7149671,-72.6371531,0,25531981,4
19923,-38.6897033,-72.6545411,1,25531998,4
19960,-38.7287852,-72.5724091,1,25532048,7
19973,-38.7134866,-72.6528428,0,25532457,4
19981,-38.7709476,-72.5837632,0,25532509,3
19983,-38.7413651,-72.6011341,1,25532601,3
20016,-38.6970106,-72.6564094,1,25533125,2
20048,-38.7584621,-72.644147,1,25533306,3
20085,-38.7714484,-72.5719087,0,25533529,2
20096,-38.7435016,-72.5750754,1,25533623,1
20100,-38.7734971,-72.769714,1,25534059,1
20129,-38.7773143,-72.5952676,0,25534155,3
20137,-38.7262497,-72.5573614,0,25534243,3
20140,-38.7331739,-72.6140279,1,25534320,5
20173,-38.728615,-72.6077286,0,25534591,3
20181,-38.7249598,-72.6172941,0,25535112,2
20212,-38.7289091,-72.6016438,0,25535155,1
20218,-38.7697628,-72.7620363,1,25535398,2
20288,-38.7262044,-72.565288,1,25535676,3
5569,-38.7660693,-72.7744183,1,25535728,1
5569,-38.7420459,-72.5861411,1,25536023,2
5611,-38.7460004,-72.6021255,1,25536442,4
5569,-38.7589363,-72.6447533,0,25536590,1
5813,-38.7189734,-72.5529312,1,25537211,3
5717,-38.7037121,-72.539698,1,25537348,3
20096,-38.7113896,-72.6582625,0,25537365,2
5726,-38.7200285,-72.6193456,1,25537547,4
20173,-38.7257711,-72.5703386,0,25537582,3
20048,-38.7225444,-72.6166018,1,25537750,6
5604,-38.6889311,-72.6526866,1,25537799,1
5583,-38.7533014,-72.6265481,1,25537961,2
5693,-38.7725102,-72.6031138,0,25537972,3
20173,-38.7651138,-72.6066841,1,25538015,5
19983,-38.7100334,-72.6561296,1,25538272,3
5698,-38.7430818,-72.5993251,1,25538751,2
20173,-38.7540149,-72.6314293,0,25538889,4
5682,-38.6888666,-72.6554617,1,25538967,3
5680,-38.7243713,-72.6139933,1,25538981,2
5706,-38.7419688,-72.5814781,1,25539052,2
20048,-38.7347539,-72.5979851,0,25539079,2
5569,-38.7403541,-72.589988,0,25539875,2
5583,-38.772928,-72.7713277,1,25539977,3
5698,-38.7472503,-72.603892,1,25540023,5
5661,-38.7339925,-72.5781286,1,25540754,6
5604,-38.759508,-72.7493912,1,25541076,2
5746,-38.7263375,-72.6244364,0,25541083,4
5726,-38.7044034,-72.543456,1,25541101,2
20288,-38.7673903,-72.7640915,1,25541126,1
5652,-38.7159001,-72.6225195,1,25541430,2
20016,-38.7628519,-72.766294,1,25541543,1
5668,-38.7128735,-72.6508683,1,25541953,2
5588,-38.7423321,-72.5990156,1,25543894,2
5652,-38.7783341,-72.6039567,1,25544241,4
5726,-38.7165854,-72.646847,0,25544550,2
5670,-38.7206131,-72.6149528,1,25544585,3
5575,-38.772324,-72.5956057,0,25544601,3
5585,-38.7291593,-72.5625939,1,25544666,2
20085,-38.7373979,-72.6015029,1,25544744,2
11465,-38.7528842,-72.6324784,1,25544918,3
5722,-38.7594687,-72.636324,1,25544993,2
5706,-38.7113578,-72.6591841,0,25545081,4
20100,-38.7389179,-72.5673582,1,25545279,2
5606,-38.72636,-72.6026443,0,25545494,2
5654,-38.7610286,-72.6287736,1,25545533,2
5606,-38.7166308,-72.6515787,0,25545630,3
5585,-38.775389,-72.5956902,1,25545802,2
5709,-38.7601563,-72.6282279,1,25546222,1
5703,-38.6914605,-72.6540771,1,25546293,4
5578,-38.7118842,-72.6646823,1,25546402,2
5588,-38.7263618,-72.6063857,1,25546499,2
5654,-38.7253471,-72.6368661,1,25546672,2
20218,-38.7541609,-72.6401786,1,25546848,1
5694,-38.7144951,-72.5581285,1,25546905,2
20173,-38.7251657,-72.6366994,0,25547303,5
5669,-38.7107766,-72.64346,1,25547562,1
5578,-38.7616596,-72.6775406,0,25548136,5
20100,-38.7585812,-72.6355355,1,25548359,4
5814,-38.7103219,-72.6610689,0,25548389,2
5597,-38.7391458,-72.5912976,1,25548617,1
5661,-38.7100262,-72.6596075,0,25548696,8
5698,-38.7587375,-72.7380996,1,25548710,1
5726,-38.7115724,-72.6491795,1,25548720,5
5698,-38.7537331,-72.6393256,1,25548722,3
5580,-38.7416987,-72.5909772,1,25548735,1
5604,-38.7134918,-72.6221084,1,25549205,2
20016,-38.7162099,-72.5504732,0,25549347,3
5669,-38.7625819,-72.5960542,1,25549621,1
5717,-38.7203563,-72.6235372,0,25550016,3
19983,-38.7247877,-72.5598787,1,25550024,3
11465,-38.7083499,-72.6645678,1,25562786,3
5582,-38.7720819,-72.599128,1,25563366,3
5575,-38.7171839,-72.5517632,1,25563399,9
5597,-38.7082092,-72.666474,0,25563470,2
5684,-38.7144679,-72.5518458,0,25563803,4
5694,-38.7393343,-72.5899074,1,25564172,2
20218,-38.7230071,-72.5738516,0,25564595,3
5592,-38.7062888,-72.5462036,1,25564628,2
5682,-38.7244838,-72.62328,1,25564805,3
5726,-38.7067044,-72.5402088,1,25565413,4
11465,-38.7228551,-72.6362,0,25565816,3
20218,-38.772539,-72.5765101,0,25566328,1
5697,-38.7257259,-72.6161506,0,25566851,5
5659,-38.7004802,-72.550906,0,25567003,5
5664,-38.773592,-72.5967847,1,25567161,2
19973,-38.7602247,-72.6293999,1,25567292,3
5604,-38.7208006,-72.6267498,1,25567521,3
5813,-38.7297591,-72.6112751,0,25568114,3
5782,-38.7435113,-72.6129128,1,25568338,4
5604,-38.7129435,-72.6575645,0,25568375,6
5578,-38.7139814,-72.6462352,1,25568742,2
5693,-38.7353252,-72.6269593,1,25568804,3
20137,-38.756215,-72.5909111,0,25568993,5
5698,-38.7240301,-72.5636196,1,25569262,3
20096,-38.7201264,-72.6134517,1,25569332,3
5611,-38.7266104,-72.6073071,1,25569410,3
5670,-38.7277892,-72.6081326,0,25569548,4
5682,-38.6969869,-72.5494623,0,25570248,2
5606,-38.7448334,-72.588307,1,25570858,3
20137,-38.7106725,-72.5566168,0,25571629,3
5589,-38.7789927,-72.5999826,1,25571834,3
5582,-38.7370081,-72.6008804,0,25572271,5
5668,-38.7108687,-72.5559023,1,25572315,3
20085,-38.7588344,-72.6198872,0,25572482,3
5726,-38.682466,-72.5032105,0,25573143,1
5697,-38.762021,-72.7624842,0,25573193,3
5717,-38.7110314,-72.6586208,1,25573396,4
20048,-38.7394844,-72.5906144,1,25573653,1
20218,-38.7557741,-72.624927,0,25573828,3
5575,-38.7584518,-72.6293048,1,25582293,4
5659,-38.7235803,-72.6350376,1,25582386,2
5726,-38.7223756,-72.6250544,1,25582423,4
20085,-38.7402771,-72.6082455,0,25582898,5
20288,-38.6831524,-72.5041289,0,25582944,2
5585,-38.7170288,-72.5605328,1,25583032,4
20218,-38.726527,-72.5659494,0,25583382,3
5661,-38.7307956,-72.5685,1,25583723,7
5588,-38.7271685,-72.6164015,1,25585266,3
5652,-38.7366234,-72.6483398,0,25585544,1
5714,-38.7683441,-72.5957301,1,25585749,3
5601,-38.7691973,-72.5872444,1,25585872,2
20181,-38.7393943,-72.5757595,1,25586274,3
5582,-38.7124669,-72.6581956,0,25588210,9
5668,-38.7341991,-72.5892276,1,25588457,2
5682,-38.7217419,-72.6232184,1,25588931,2
5604,-38.7780532,-72.5882111,0,25588971,1
5680,-38.7572868,-72.7739328,1,25589650,1
20100,-38.7447358,-72.610878,0,25589704,3
5682,-38.7558448,-72.6265792,1,25630149,4
5578,-38.7260131,-72.6232941,1,25644287,4
5746,-38.7192172,-72.5691274,1,25644637,5
5680,-38.7341179,-72.6127416,1,25644643,2
19983,-38.689416,-72.6568398,0,25644924,1
5680,-38.7512017,-72.6387392,1,25645371,5
5604,-38.711317,-72.6519541,0,25645743,3
5726,-38.779515,-72.5991628,1,25647109,3
20137,-38.7453867,-72.6145165,1,25647127,4
5782,-38.7365188,-72.5618864,1,25647402,2
5608,-38.7564242,-72.6493024,1,25647756,4
5693,-38.7165003,-72.6154147,1,25648148,4
5694,-38.7360061,-72.6012405,1,25648191,5
5585,-38.745997,-72.6389208,0,25648246,5
20100,-38.7397593,-72.6328819,0,25648514,4
5684,-38.7127665,-72.6596604,1,25649268,3
5693,-38.7606391,-72.6367556,1,25649411,2
5714,-38.7289534,-72.5581677,1,25649758,3
5684,-38.7602655,-72.6211993,1,25650054,3
5652,-38.7552733,-72.6218547,1,25650355,2
5589,-38.7145897,-72.556443,0,25650982,2
5597,-38.7712678,-72.5902027,1,25651328,2
19973,-38.7348931,-72.5860916,0,25651889,2
11465,-38.7294693,-72.5603502,1,25652510,7
5661,-38.7371776,-72.5908942,1,25652725,3
20016,-38.7422292,-72.5805201,1,25653769,3
20100,-38.7347533,-72.5952115,0,25654507,3
5722,-38.7557766,-72.6470138,0,25654653,4
20288,-38.7368664,-72.6288646,1,25654779,5
5684,-38.7240647,-72.6351807,0,25657249,4
5682,-38.729551,-72.6147845,1,25657457,4
5590,-38.7582507,-72.6312126,0,25658871,2
5569,-38.7113114,-72.6489603,1,25659671,4
5726,-38.7155054,-72.6223777,1,25659694,4
5682,-38.7072724,-72.5409596,0,25659940,2
5580,-38.709236,-72.5582042,1,25660012,2
5722,-38.7317013,-72.5656911,1,25660098,3
20096,-38.7288341,-72.5567193,1,25660599,4
20016,-38.7298981,-72.5563371,0,25660713,4
5583,-38.7267434,-72.6272217,1,25661253,1
5575,-38.7356019,-72.5767945,0,25661686,3
5597,-38.7365713,-72.5692924,1,25662268,3
5582,-38.743192,-72.593797,1,25662905,3
5596,-38.740815,-72.6465918,0,25663013,2
5706,-38.7192082,-72.6455967,1,25663022,3
20218,-38.7431365,-72.6353421,1,25664133,4
19983,-38.7431126,-72.5788214,0,25664288,2
5693,-38.7755132,-72.7645515,0,25664350,2
5713,-38.7672384,-72.7655802,0,25664604,1
19973,-38.7395435,-72.6119585,1,25665766,6
5654,-38.7182513,-72.6334272,1,25665778,2
5782,-38.7268442,-72.5731548,0,25665888,3
5592,-38.7641363,-72.6778795,0,25666065,1
5588,-38.7180364,-72.6325085,1,25666762,3
11465,-38.7670974,-72.7670276,1,25668576,1
5596,-38.7260186,-72.5770057,1,25670008,3
5717,-38.7256245,-72.5592132,1,25670818,3
5578,-38.7743108,-72.5864803,0,25670888,3
5575,-38.7685504,-72.598657,1,25671546,1
5698,-38.7427091,-72.5892134,0,25672107,6
5698,-38.7369221,-72.5881222,1,25672190,1
5611,-38.7581475,-72.6361637,1,25672247,2
20288,-38.7122572,-72.6290262,1,25672667,3
20181,-38.7267108,-72.5549439,0,25673357,2
20048,-38.7717715,-72.5759322,1,25673360,2
5585,-38.7364,-72.5697093,0,25673369,3
5654,-38.7392181,-72.5951713,1,25673687,5
5582,-38.7120927,-72.6390642,1,25673729,3
5578,-38.7089873,-72.6657441,1,25674472,4
11465,-38.7069979,-72.6642144,1,25674483,2
5698,-38.740034,-72.6413625,0,25674570,5
5589,-38.7267045,-72.6228407,1,25674799,3
5669,-38.6926362,-72.5286127,1,25675012,3
5675,-38.7246929,-72.6334202,1,25675298,3
5597,-38.7326774,-72.5965573,1,25675398,3
20048,-38.7244698,-72.6277253,1,25675578,4
19973,-38.751144,-72.6068465,1,25675628,3
5569,-38.7390979,-72.6157277,1,25675968,2
20212,-38.7374703,-72.5966712,1,25677775,3
5580,-38.769953,-72.5924197,0,25677845,2
5675,-38.7245822,-72.6237768,0,25678442,5
5813,-38.7162092,-72.5529351,0,25679001,3
5706,-38.755195,-72.6267901,1,25679212,1
5722,-38.7650414,-72.7767502,1,25679529,3
5813,-38.7678532,-72.5955851,0,25679581,1
5601,-38.7340908,-72.6138754,1,25679873,1
5693,-38.7122877,-72.622906,1,25681131,4
5592,-38.7734724,-72.5905444,1,25681220,1
5654,-38.7333031,-72.5752594,1,25681234,2
5693,-38.7130535,-72.661817,0,25681452,3
5601,-38.7474964,-72.5876237,1,25682006,2
5588,-38.7592909,-72.632866,1,25682117,2
5597,-38.7086041,-72.6602946,1,25682131,2
20212,-38.7244231,-72.6145455,0,25684060,2
5684,-38.7786916,-72.5953219,1,25684194,1
5580,-38.7494415,-72.6273581,0,25684529,4
5597,-38.7735522,-72.6036932,1,25684667,2
5659,-38.7514435,-72.6130357,0,25684813,5
19960,-38.7119374,-72.6261193,0,25685351,4
20212,-38.7587275,-72.6343723,1,25685614,3
5583,-38.7119758,-72.6609067,0,25686489,3
20016,-38.7704088,-72.5863015,0,25686623,2
20096,-38.7579121,-72.6346307,0,25687211,2
5726,-38.7347568,-72.6212189,1,25687317,3
5694,-38.7583422,-72.6208925,1,25687434,5
5713,-38.7379068,-72.6211695,0,25687609,5
5592,-38.7135831,-72.617308,1,25687841,4
5578,-38.7647651,-72.7750002,0,25688120,1
5664,-38.7683604,-72.5833338,0,25688397,2
5583,-38.7688057,-72.773929,1,25689908,1
5694,-38.7434933,-72.6258979,0,25689912,2
5590,-38.7242996,-72.6349411,0,25691780,5
5652,-38.7373921,-72.5912615,1,25692268,4
5578,-38.7761422,-72.5907849,1,25692506,4
5682,-38.7556061,-72.5899664,0,25692676,9
5714,-38.7335152,-72.6215706,0,25693771,4
5592,-38.724319,-72.6092809,1,25694213,3
11465,-38.7601218,-72.6305824,1,25694286,4
5668,-38.7370884,-72.6096932,1,25694324,5
5726,-38.7449232,-72.6345028,0,25695263,5
5589,-38.7050067,-72.636082,0,25696056,5
5652,-38.7152353,-72.6596153,1,25696099,1
20212,-38.7116113,-72.6462451,0,25696325,2
20096,-38.7211356,-72.5563145,0,25696441,3
5664,-38.7417676,-72.5907672,1,25696804,5
20085,-38.7218801,-72.5745173,0,25697017,3
5697,-38.7009522,-72.5373813,1,25697183,2
5717,-38.7638613,-72.7752038,1,25697194,1
5669,-38.7204018,-72.6247776,1,25697993,2
20085,-38.7084955,-72.6452675,1,25698370,1
5661,-38.72583,-72.5543824,1,25698502,1
20137,-38.7695713,-72.5750324,0,25716407,5
5604,-38.7363118,-72.5631591,0,25719113,2
5684,-38.7210976,-72.6122709,1,25719235,2
5589,-38.7266653,-72.6118152,0,25719249,5
5670,-38.7526354,-72.6352593,0,25719323,1
20048,-38.7482927,-72.5804793,0,25719362,2
5680,-38.7329874,-72.6037124,1,25719401,4
5697,-38.7172024,-72.6247851,1,25720073,9
5589,-38.7370567,-72.6269906,1,25720358,2
5604,-38.7362188,-72.6124628,0,25720690,4
20096,-38.7488541,-72.6275225,0,25720935,6
5782,-38.7672127,-72.7521356,1,25722347,1
5583,-38.7063229,-72.541831,0,25723027,4
5589,-38.7346531,-72.5782732,1,25723840,3
19960,-38.7397914,-72.6099497,0,25723949,2
20100,-38.7477262,-72.5815345,1,25724221,3
5601,-38.7076754,-72.6636094,0,25725254,3
5813,-38.7484246,-72.5844552,0,25726361,2
5580,-38.715744,-72.6273925,1,25726623,2
20212,-38.715021,-72.6307518,1,25727264,3
5596,-38.7615282,-72.6497983,1,25727632,1
20016,-38.746121,-72.5890477,1,25727706,1
5575,-38.7664828,-72.7526859,0,25728074,1
5588,-38.7328041,-72.6205057,1,25728715,2
5722,-38.7231657,-72.6199687,1,25729824,2
5590,-38.7451576,-72.6167283,1,25730196,4
19973,-38.7268202,-72.6125647,1,25730245,7
20085,-38.739358,-72.61192,0,25730563,2
5606,-38.7381854,-72.5643732,1,25730884,3
19960,-38.7390363,-72.6131956,0,25731051,2
5580,-38.7453203,-72.5772263,1,25731098,2
5670,-38.711567,-72.6509029,0,25731261,2
5746,-38.7681677,-72.5998003,0,25731414,1
5588,-38.75504,-72.604711,0,25731620,7
5597,-38.7225771,-72.6171565,1,25731905,2
5714,-38.7321745,-72.6048943,0,25732013,2
5652,-38.7411206,-72.6116342,0,25733337,3
5682,-38.7261438,-72.6047286,1,25733360,4
5597,-38.7199466,-72.5654544,1,25733597,4
5782,-38.7546068,-72.636417,0,25733791,7
5604,-38.7337724,-72.5869823,0,25761830,3
5813,-38.688462,-72.5186466,0,25768909,2
5575,-38.7327235,-72.5825061,1,25770121,3
5608,-38.7517787,-72.6287115,0,25771126,5
20212,-38.7348505,-72.5853033,1,25772092,3
5601,-38.7560469,-72.63656,1,25773313,3
5782,-38.7215553,-72.6176637,1,25773844,3
19973,-38.7736447,-72.7536835,1,25774454,3
5604,-38.7512116,-72.6246608,0,25775643,4
5661,-38.7313294,-72.5814341,0,25775927,1
5670,-38.7589505,-72.6307012,1,25776858,2
5606,-38.7388585,-72.5890751,1,25777049,2
5722,-38.7090515,-72.6584489,1,25777711,3
5608,-38.7241919,-72.6221018,0,25779485,1
5590,-38.745241,-72.6257546,0,25779815,4
5597,-38.7618827,-72.6279673,1,25781166,2
5694,-38.742283,-72.594604,1,25781319,5
5664,-38.7211563,-72.6081144,1,25781366,2
5575,-38.7743874,-72.591377,0,25781846,3
20140,-38.6915799,-72.6551776,0,25781862,3
20085,-38.7260153,-72.6188312,1,25805111,2
5654,-38.6941649,-72.543446,1,25845995,2
5659,-38.7323896,-72.5882869,0,25847615,4
20137,-38.6962708,-72.5426628,0,25856215,4
5668,-38.7443207,-72.5857503,0,25876027,3
5722,-38.7429688,-72.6165054,1,25877361,2
5714,-38.723884,-72.5730046,1,25878552,3
5604,-38.6799442,-72.5092181,0,25878732,3
19973,-38.7253626,-72.6116438,1,25878967,4
5682,-38.7341626,-72.580376,0,25879637,2
5611,-38.7088854,-72.5411272,1,25879825,2
19960,-38.7394657,-72.5921388,1,25880114,1
5703,-38.7584049,-72.6196917,1,25880329,2
5684,-38.740017,-72.5922501,1,25881042,2
5698,-38.7400917,-72.6087805,1,25881044,6
5703,-38.710115,-72.6373448,0,25881565,2
20181,-38.756855,-72.7465984,0,25882264,3
5569,-38.7335156,-72.6244707,0,25882647,5
5714,-38.7353712,-72.6007194,0,25883072,4
20140,-38.7502706,-72.6069107,0,25884625,2
5588,-38.6982469,-72.5541104,0,25885670,4
5664,-38.7162463,-72.5555217,1,25887709,2
20212,-38.752027,-72.6396838,0,25888630,1
5569,-38.7257589,-72.6138935,1,25888683,2
5597,-38.7127599,-72.6614717,1,25888959,4
5575,-38.7724997,-72.5781486,1,25889406,1
5583,-38.7333455,-72.6019349,1,25889777,4
5588,-38.7224041,-72.6058728,1,25890034,4
20212,-38.6934694,-72.6516835,1,25890161,5
5606,-38.7694974,-72.5725088,1,25891890,1
5589,-38.7296743,-72.5627023,1,25892321,3
5697,-38.7705322,-72.5987661,1,25892919,1
5746,-38.7289554,-72.560831,1,25893129,4
20129,-38.7526774,-72.623245,0,25893324,4
5698,-38.7410418,-72.623559,1,25893797,2
5694,-38.7423719,-72.5861801,0,25893811,4
5664,-38.777146,-72.5892795,0,25894052,1
20181,-38.7430908,-72.5937043,0,25894397,3
5589,-38.7372128,-72.5975553,1,25894518,2
20016,-38.7099735,-72.5528371,0,25895146,3
20129,-38.7352373,-72.5686263,1,25896410,4
5664,-38.7159996,-72.5563848,1,25896525,2
5682,-38.7566161,-72.6207095,0,25898332,4
19923,-38.749677,-72.6079086,1,25899709,6
5714,-38.7338821,-72.5706221,1,25900143,7
5654,-38.7169838,-72.627294,1,25900181,2
5659,-38.7406113,-72.5890665,1,25903456,5
5697,-38.7190967,-72.5605968,0,25904736,2
5604,-38.74637,-72.5818303,1,25904971,6
5585,-38.7601032,-72.6332002,1,25904994,3
20218,-38.7756396,-72.6052778,0,25907045,3
5578,-38.7591974,-72.6031407,0,25907254,4
11465,-38.7676594,-72.7481076,0,25908374,3
5684,-38.7210021,-72.6062126,1,25911205,3
20085,-38.7561999,-72.6220388,1,25911579,5
5661,-38.7350635,-72.6267231,0,25912106,3
5722,-38.7127029,-72.6585914,0,25912841,3
5697,-38.7076405,-72.6535878,1,25912998,1
5684,-38.7533532,-72.6150078,1,25914597,2
20016,-38.71457,-72.6180606,1,25915028,2
5575,-38.7525167,-72.6438513,0,25917210,2
5714,-38.7099612,-72.5477227,0,25918210,2
5717,-38.7214887,-72.60586,1,25918552,4
5592,-38.7525876,-72.604621,0,25920653,2
20085,-38.709905,-72.6483253,1,25921060,2
5675,-38.7232081,-72.622714,0,25921324,4
5604,-38.712868,-72.6626552,1,25923045,2
20048,-38.7176689,-72.5643695,1,25923303,2
20140,-38.75242,-72.6346425,1,25923814,4
20288,-38.7369107,-72.6037794,1,25927093,3
5694,-38.7592076,-72.6501158,0,25927919,8
5726,-38.7418991,-72.6336994,0,25928085,2
5575,-38.7120609,-72.6588298,0,25930720,2
5782,-38.7393747,-72.5902641,1,25930894,1
5596,-38.7611862,-72.6334444,1,25931061,2
5604,-38.7581537,-72.650382,1,25931410,3
5746,-38.7157264,-72.5491994,1,25933519,3
5717,-38.7395814,-72.6126279,1,25934236,2
5596,-38.7471093,-72.5913442,0,25935026,9
5590,-38.7105087,-72.5481084,1,25935748,2
5652,-38.7592052,-72.6381908,1,25935963,2
5680,-38.7678611,-72.6072419,1,25936591,2
5813,-38.746886,-72.6088242,0,25937937,3
20173,-38.7570065,-72.7442826,1,25939541,2
5682,-38.7321815,-72.6042867,0,25940010,4
5675,-38.7089941,-72.6498148,1,25942058,2
5659,-38.7542724,-72.6390648,1,25943261,4
5703,-38.7231611,-72.621418,1,25943426,6
20218,-38.7359692,-72.5716038,1,25945774,2
5668,-38.7258898,-72.6118033,0,25946974,4
5606,-38.721429,-72.6255857,1,25947820,4
20016,-38.7668937,-72.7654136,1,25948516,1
5659,-38.7084336,-72.6233851,1,25948789,2
5606,-38.7188466,-72.6110799,1,25949619,3
5580,-38.7450801,-72.6089471,0,25949766,5
5782,-38.7622148,-72.6537181,1,25950491,2
20288,-38.7127849,-72.6284104,1,25950581,3
20288,-38.7090428,-72.556105,0,25951544,2
5746,-38.7414585,-72.6275832,0,25952198,6
20048,-38.7575142,-72.6116596,0,25954314,2
20016,-38.7343816,-72.5775031,1,25955553,3
5592,-38.760898,-72.6255898,1,25956036,4
20129,-38.7569997,-72.6348467,0,25956491,2
5582,-38.7399989,-72.5926398,1,25957310,4
5782,-38.7695599,-72.7642279,1,25959031,1
5596,-38.7353112,-72.5647346,1,25959155,6
5601,-38.7342342,-72.6205972,1,25960729,5
20173,-38.7613155,-72.7764026,0,25966029,1
5578,-38.7261507,-72.6201442,1,25983909,2
5717,-38.7131356,-72.5572747,1,25985263,2
5601,-38.7117756,-72.629849,1,25985506,3
5659,-38.7246112,-72.609106,1,25985893,3
5782,-38.7174093,-72.6096053,1,25986685,3
5588,-38.7578018,-72.6339097,0,25986768,3
5575,-38.7114431,-72.662695,1,25986773,5
5578,-38.7249444,-72.6106857,1,25986798,2
5668,-38.7120694,-72.621353,1,25987045,2
5592,-38.7458547,-72.5868658,1,25987392,1
5583,-38.731923,-72.5888234,1,25987522,3
5664,-38.7591702,-72.6312214,1,25987796,3
20137,-38.7222112,-72.5638799,0,25988702,3
5597,-38.7543743,-72.6215172,1,25988836,2
5601,-38.7101192,-72.6557038,1,25989303,1
5597,-38.7671121,-72.7499793,1,25989416,3
20096,-38.7201539,-72.561144,1,25989866,2
20173,-38.7250708,-72.5551754,1,25989941,2
5585,-38.7382145,-72.5859707,1,25990061,2
20129,-38.7257024,-72.6032734,1,25990263,4
5652,-38.7048931,-72.5464445,1,25990437,2
5659,-38.7510573,-72.6067533,1,25990700,4
5698,-38.7430499,-72.57701,1,25990714,7
20137,-38.7263847,-72.6076493,1,25990826,3
20085,-38.7117719,-72.5564367,1,25991642,3
5714,-38.7218773,-72.6070914,1,25991844,2
5608,-38.7293732,-72.5627963,1,25991891,2
20016,-38.7515451,-72.6448704,1,25991998,4
5592,-38.711447,-72.6677789,1,25992212,2
11465,-38.7197915,-72.6129925,1,25992261,3
5670,-38.768368,-72.7681654,1,25993297,1
5675,-38.7404631,-72.5948481,1,25993344,4
19973,-38.7371748,-72.6209336,1,25993347,2
5682,-38.7521779,-72.616424,1,25994164,3
5583,-38.7257658,-72.6205215,1,25994447,1
5654,-38.7806404,-72.5920136,1,25994734,3
5569,-38.748231,-72.6344611,1,25994850,3
5578,-38.7258907,-72.6061647,1,25994930,3
20218,-38.7384453,-72.5801285,1,25995459,2
5592,-38.7682046,-72.5741038,1,25996102,3
5717,-38.7239208,-72.620922,1,25996987,3
5746,-38.758454,-72.6357677,1,25997028,4
19960,-38.7694721,-72.5715153,1,25997137,1
5578,-38.7074598,-72.5461178,1,25997585,4
5654,-38.7565896,-72.73924,1,25997817,1
5782,-38.7377681,-72.5748017,1,25998350,2
5569,-38.7455661,-72.5745178,1,25998745,2
11465,-38.7201456,-72.6293573,1,25998764,5
5782,-38.7357673,-72.6220169,0,26000456,6
5682,-38.7253819,-72.6163343,1,26000701,4
19923,-38.7090156,-72.6237576,1,26001143,2
5588,-38.7091116,-72.6239046,1,26001264,2
19923,-38.7562403,-72.6178278,1,26001364,6
5668,-38.7122957,-72.5557192,1,26001406,2
5680,-38.7221108,-72.5559925,1,26001809,2
5697,-38.7131893,-72.564485,1,26002377,2
5717,-38.7279916,-72.5633638,0,26005120,3
11465,-38.7102187,-72.6261545,0,26006103,5
5606,-38.7459019,-72.5833482,1,26006490,3
5592,-38.735693,-72.6019953,1,26007183,3
19960,-38.7466742,-72.5775768,1,26007399,3
5694,-38.7524365,-72.6090533,1,26007658,2
5746,-38.7238212,-72.6156683,1,26007713,4
5588,-38.7162304,-72.6336464,1,26008155,3
19923,-38.7374594,-72.6349708,1,26008397,3
20096,-38.7133049,-72.5556285,1,26008725,1
5670,-38.7540654,-72.6426592,1,26008726,2
5652,-38.7126048,-72.6634607,1,26009163,4
5670,-38.7278055,-72.5548044,1,26009943,4
20016,-38.7244556,-72.5578781,1,26010266,2
20048,-38.7634953,-72.7612329,1,26010320,1
20140,-38.7379431,-72.5900162,1,26010426,3
5746,-38.7238198,-72.5762738,1,26010461,2
5668,-38.7344071,-72.608886,1,26010705,1
19923,-38.7249611,-72.5762953,0,26011019,3
5746,-38.7372851,-72.6189993,1,26011155,2
5575,-38.7200649,-72.6058645,1,26011324,2
5590,-38.7261949,-72.5611605,1,26011381,2
19960,-38.7216345,-72.6197736,1,26013280,2
5668,-38.7105513,-72.5522849,1,26013541,2
5578,-38.7385067,-72.6359852,1,26014085,2
20173,-38.7371704,-72.6240088,1,26014617,4
5608,-38.7591599,-72.6495943,1,26015558,2
5670,-38.7053492,-72.643717,1,26015745,3
5608,-38.7691476,-72.7608212,1,26016092,1
5698,-38.7187759,-72.6168232,1,26016288,2
20137,-38.7216003,-72.6135923,1,26019172,3
5717,-38.710153,-72.6628913,0,26019239,2
5722,-38.7397705,-72.5890846,1,26019913,2
5608,-38.7215675,-72.6168026,1,26019934,3
20048,-38.709914,-72.5633577,1,26020025,3
5585,-38.7302417,-72.5675513,1,26020453,3
19923,-38.7587357,-72.6539262,1,26021221,3
20016,-38.7611172,-72.6453056,1,26022386,3
20288,-38.7115324,-72.6610885,1,26023797,1
5597,-38.7377669,-72.5696568,1,26024235,2
5714,-38.7314293,-72.5673258,1,26024282,3
5575,-38.7140492,-72.660612,1,26024482,3
5592,-38.780219,-72.5931915,0,26025056,1
5608,-38.7542811,-72.62098,0,26027945,3
5697,-38.7249722,-72.563831,0,26029517,4
5659,-38.7600213,-72.6321053,1,26030167,3
5569,-38.7437987,-72.57469,0,26030646,1
5680,-38.7362841,-72.5679052,1,26031206,2
19960,-38.7125096,-72.6534613,1,26034561,2
5582,-38.715128,-72.6541647,1,26035552,4
5575,-38.7391116,-72.5949305,0,26037403,1
5652,-38.7303779,-72.5733382,0,26038724,3
20096,-38.6857191,-72.6533199,0,26039366,2
5703,-38.7185912,-72.6509555,1,26039759,2
5589,-38.7293053,-72.5550451,0,26040102,2
5698,-38.7282572,-72.6044029,1,26040809,1
5575,-38.7307612,-72.5678798,1,26042634,2
20218,-38.7709194,-72.7456496,0,26043048,1
20218,-38.7576531,-72.6298797,1,26044439,2
20288,-38.7299774,-72.5724343,0,26045158,2
19923,-38.6918556,-72.5330209,0,26046104,3
20129,-38.7249324,-72.6165604,0,26048659,4
5596,-38.7391509,-72.6248609,1,26055217,2
5813,-38.6993283,-72.5551779,0,26060868,4
5578,-38.7353753,-72.6339988,0,26065502,2
5717,-38.7398003,-72.5915049,0,26081039,3
5604,-38.7397139,-72.592692,0,26091008,2
5654,-38.7625223,-72.6299723,1,26091564,3
5664,-38.7574424,-72.6530018,0,26091609,4
5713,-38.7587402,-72.6224943,1,26091732,4
5575,-38.7731983,-72.7526762,1,26091983,1
19973,-38.7068636,-72.5447908,0,26092273,3
5659,-38.7521862,-72.6465071,0,26092279,3
20016,-38.7084524,-72.6549979,0,26092400,2
5746,-38.756218,-72.5891832,0,26092414,1
20218,-38.7520525,-72.6446869,0,26105996,3
5670,-38.7559788,-72.6515598,0,26106146,2
5682,-38.7470645,-72.6068695,0,26106543,3
5726,-38.7546355,-72.6221706,0,26106645,3
5682,-38.7445014,-72.6346141,0,26106835,3
5746,-38.7432171,-72.6151972,0,26107003,3
5694,-38.6971511,-72.5382546,0,26108045,1
5596,-38.7182876,-72.6170172,1,26108310,2
5592,-38.7598959,-72.6517233,0,26108649,2
5813,-38.7430828,-72.6312567,1,26108783,5
20100,-38.724921,-72.5575347,1,26109162,8
20100,-38.7090208,-72.6344937,0,26109407,2
5670,-38.721692,-72.616494,1,26109478,3
5713,-38.7092616,-72.5468029,1,26109928,3
5717,-38.742751,-72.5883133,1,26110570,3
20129,-38.7384392,-72.5694859,0,26110826,2
5675,-38.7109259,-72.6626701,1,26111388,2
5652,-38.7297347,-72.6102957,1,26111477,2
5746,-38.7126784,-72.5483921,1,26111641,2
5694,-38.7384218,-72.6341551,0,26111755,1
5722,-38.7296909,-72.5552795,1,26111963,2
20140,-38.7291653,-72.618598,0,26112193,3
5682,-38.7154144,-72.6288272,1,26112549,3
19923,-38.7552562,-72.6426012,0,26113057,3
5569,-38.7304868,-72.6419738,0,26113095,3
5746,-38.7113441,-72.626371,1,26113578,4
5668,-38.6942951,-72.5289723,0,26113875,3
5588,-38.7446359,-72.5927764,0,26114803,5
5597,-38.7613257,-72.6258374,0,26115362,2
19923,-38.736925,-72.6236883,0,26115758,2
5722,-38.7221619,-72.6433944,1,26116024,2
5697,-38.7382605,-72.6273708,0,26116245,3
5596,-38.7323662,-72.5720755,1,26116852,2
5604,-38.7517585,-72.6622265,0,26117492,3
5654,-38.676122,-72.5003278,1,26117547,1
5611,-38.7329863,-72.6049066,0,26117708,5
5652,-38.7230716,-72.5535943,0,26117773,3
5722,-38.7713507,-72.7464183,0,26118074,3
5713,-38.7541249,-72.6336391,1,26119267,3
5580,-38.7501321,-72.6215537,1,26119573,3
5652,-38.7436975,-72.6284543,0,26119978,3
5782,-38.7616849,-72.6395368,1,26120261,2
5717,-38.7447058,-72.5976958,1,26120795,7
5654,-38.7449753,-72.5907916,0,26121152,2
5578,-38.769039,-72.6006907,1,26121807,3
5608,-38.7035772,-72.5481207,0,26121817,3
5596,-38.7178212,-72.5599118,1,26122294,4
5714,-38.7363917,-72.5907928,1,26122341,2
20100,-38.7333166,-72.6286196,0,26123438,12
5698,-38.751406,-72.6505101,0,26123462,4
5697,-38.7242217,-72.6049463,1,26123541,3
20140,-38.7374872,-72.633523,1,26123672,4
5703,-38.7081961,-72.6504739,1,26123755,4
20096,-38.7767275,-72.5948066,0,26124008,2
20288,-38.7262588,-72.5569728,1,26124119,2
11465,-38.7166696,-72.6525797,0,26124545,2
20129,-38.7272182,-72.5636579,1,26124685,2
20048,-38.7680444,-72.7442924,0,26124987,1
5668,-38.7558694,-72.6518511,0,26125119,8
5670,-38.7227476,-72.6214274,0,26125253,3
5746,-38.713812,-72.5580384,1,26125306,4
5659,-38.7405483,-72.5960644,0,26125577,3
20129,-38.7520397,-72.6371777,0,26125771,2
19960,-38.763639,-72.7452284,0,26125893,1
5714,-38.718378,-72.6526371,1,26126084,2
5668,-38.7331485,-72.6214784,0,26126128,3
5703,-38.7447266,-72.5840653,0,26126287,2
5652,-38.7375128,-72.6321861,0,26126491,5
20129,-38.741086,-72.5784471,0,26126573,3
5585,-38.6824796,-72.5029884,1,26126824,1
5713,-38.7380116,-72.6236933,0,26127155,3
5713,-38.7176896,-72.560285,0,26127493,3
5592,-38.7171416,-72.6219835,0,26127768,2
5713,-38.7219393,-72.6183397,1,26128161,4
19923,-38.7030975,-72.5407971,1,26128193,4
20288,-38.7630135,-72.5984284,0,26128315,3
19960,-38.7177498,-72.6296464,0,26128663,2
5580,-38.7318256,-72.60005,1,26128687,2
5608,-38.697976,-72.55232,0,26129468,3
5680,-38.7360502,-72.6509786,0,26130059,3
5659,-38.7574844,-72.6357616,0,26130300,2
5611,-38.7107958,-72.6539236,1,26130808,2
5703,-38.7651926,-72.7633754,1,26131855,1
5746,-38.7341657,-72.6272002,1,26131981,5
19923,-38.7387753,-72.5895004,1,26132251,4
20085,-38.7133556,-72.6233045,0,26132375,4
5726,-38.766805,-72.7661421,0,26132478,1
20048,-38.7206025,-72.5653771,1,26132895,2
5569,-38.737706,-72.6480842,0,26133463,2
5717,-38.7584529,-72.7396245,1,26133797,2
5694,-38.7206008,-72.6167892,1,26134201,2
5580,-38.7343527,-72.567738,0,26134264,3
5703,-38.7296269,-72.6127629,1,26134882,4
5659,-38.7378881,-72.6449364,0,26135050,7
5654,-38.7635515,-72.7565966,0,26135832,1
5601,-38.7301144,-72.6133565,0,26135972,2
5589,-38.7671971,-72.7433532,1,26135973,3
5668,-38.7407775,-72.6078626,1,26135999,4
5611,-38.7274882,-72.6249468,0,26136258,3
20173,-38.7418674,-72.5768478,0,26136266,4
5596,-38.7414412,-72.6264927,1,26137902,3
5608,-38.7085098,-72.6274512,1,26137906,2
20173,-38.7610394,-72.6261956,1,26137979,3
5580,-38.7191616,-72.6484708,0,26138695,3
5703,-38.7167346,-72.6387264,1,26139374,3
5698,-38.7389962,-72.6466298,0,26140056,2
5589,-38.6856606,-72.656473,0,26140135,2
20048,-38.7600005,-72.6329662,0,26140777,6
5590,-38.7229585,-72.6218417,1,26141087,3
11465,-38.7330702,-72.625037,0,26141334,3
20085,-38.7262613,-72.6259748,1,26141547,3
5697,-38.7323151,-72.6228993,0,26141673,4
5580,-38.7149995,-72.6447696,1,26142101,2
5582,-38.7149507,-72.6354075,0,26142288,3
20137,-38.7317352,-72.6307503,0,26142519,2
5675,-38.7333747,-72.6242949,1,26142988,3
5611,-38.7025073,-72.6271665,0,26143376,2
5592,-38.7417572,-72.62605,0,26143549,5
5675,-38.7495507,-72.6313774,0,26143792,1
5813,-38.7144403,-72.5530833,1,26144267,3
5596,-38.7543144,-72.6368154,0,26144270,2
5590,-38.7281979,-72.6065767,1,26144344,4
5608,-38.7345819,-72.5795938,0,26144655,3
5694,-38.7119855,-72.6558962,1,26145035,4
5703,-38.7360832,-72.6112293,0,26145072,5
5606,-38.7400279,-72.5742032,1,26145964,2
5585,-38.7292763,-72.6427623,0,26146046,4
5601,-38.7107524,-72.6633504,1,26146327,3
5813,-38.7301738,-72.5668502,1,26146368,2
5682,-38.7230275,-72.6160261,1,26147515,4
5585,-38.7048188,-72.5508937,0,26147540,3
5578,-38.7192596,-72.6211265,1,26148033,2
5659,-38.7127936,-72.5501365,0,26148579,8
5652,-38.7119702,-72.5583993,0,26148685,2
5717,-38.7073087,-72.5381945,1,26148708,3
5659,-38.7584862,-72.6511795,1,26149449,3
5675,-38.757391,-72.6341229,1,26150733,2
5668,-38.7639753,-72.680832,1,26150845,3
5813,-38.719744,-72.6177593,1,26150984,3
5611,-38.6832307,-72.5066854,1,26151633,2
5703,-38.6831887,-72.50219,0,26151773,3
20096,-38.7422213,-72.6136402,0,26151794,4
5611,-38.7123736,-72.5560631,0,26152100,5
20085,-38.7113322,-72.6555204,1,26152161,3
20218,-38.7095035,-72.623582,1,26152487,2
5606,-38.7468764,-72.6098457,0,26152954,1
5582,-38.7570984,-72.7644752,1,26153736,3
5652,-38.7394944,-72.5900511,0,26153789,2
19973,-38.7178217,-72.6213532,1,26154038,6
5611,-38.7546073,-72.6225084,1,26154406,3
5582,-38.7276193,-72.6402568,0,26163453,3
19973,-38.7634219,-72.7180513,1,26169931,2
20288,-38.7665176,-72.7451886,1,26171419,1
20288,-38.7438871,-72.5976828,0,26174731,6
5652,-38.7441103,-72.6122464,1,26176696,4
5604,-38.740798,-72.5901777,1,26181104,3
5675,-38.7363604,-72.6339585,0,26182297,2
19960,-38.756166,-72.6153736,1,26187735,4
5597,-38.7315103,-72.6040903,0,26187899,6
5722,-38.7204157,-72.5637009,0,26190849,1
5582,-38.7108065,-72.5529352,0,26200754,4
5703,-38.7606644,-72.5975449,1,26202142,8
5589,-38.7427598,-72.6007948,0,26203999,3
5782,-38.7220832,-72.5606542,1,26204464,1
5714,-38.7701321,-72.6029441,1,26210168,2
5717,-38.7558583,-72.6231125,1,26217707,2
20096,-38.7090407,-72.6552001,0,26219969,3
5578,-38.7319229,-72.6071648,1,26221269,2
20137,-38.7337412,-72.6395122,0,26222343,2
5585,-38.7093424,-72.6420889,1,26236296,1
5697,-38.6914739,-72.5292513,1,26242148,5
20218,-38.7560378,-72.6556783,0,26250446,3
20096,-38.7564677,-72.6244968,1,26252110,7
20140,-38.7102201,-72.6563915,0,26252976,4
5675,-38.7060365,-72.5428265,1,26253834,4
5675,-38.7134155,-72.6633308,1,26253849,3
5585,-38.7366127,-72.6048849,1,26254667,4
5652,-38.7536978,-72.6602364,0,26254991,2
20173,-38.7235075,-72.6220387,0,26255211,3
5714,-38.7152303,-72.6604019,0,26255491,2
5654,-38.7542399,-72.6177262,1,26256764,2
5698,-38.7384192,-72.6307702,0,26257380,5
20173,-38.724186,-72.6385383,1,26257431,3
5582,-38.7547043,-72.6168821,1,26257605,2
5675,-38.710444,-72.6489565,1,26257887,3
5670,-38.7329403,-72.5778333,0,26258728,4
19973,-38.7622773,-72.6261473,1,26259971,2
5590,-38.7681255,-72.5992176,1,26260252,3
20085,-38.7244914,-72.6051989,0,26260317,3
20096,-38.7393045,-72.6190314,0,26260803,3
5675,-38.7380545,-72.5924676,1,26260871,3
20016,-38.7285228,-72.5649725,0,26276060,9
5654,-38.724538,-72.6073358,1,26276697,2
20288,-38.7137467,-72.6594404,1,26276978,3
5680,-38.7194963,-72.613948,1,26277232,2
20137,-38.716045,-72.6475442,0,26277869,4
5601,-38.7347777,-72.598478,0,26277939,2
5604,-38.7642755,-72.7161767,1,26278398,1
20173,-38.7330894,-72.5965606,0,26278514,2
5813,-38.7664665,-72.7646748,0,26278648,1
5713,-38.7399011,-72.649692,0,26278739,4
5680,-38.7500324,-72.6215209,0,26278885,6
19973,-38.703294,-72.5428358,0,26279405,2
20218,-38.7540373,-72.6325783,0,26279822,3
20140,-38.7586712,-72.7747407,0,26280845,1
20218,-38.7375711,-72.5858985,0,26281232,7
20140,-38.7433098,-72.6254226,0,26282840,2
5652,-38.7351192,-72.6091947,1,26283372,5
19923,-38.7181422,-72.619647,1,26283976,3
5680,-38.7340321,-72.583987,1,26284012,2
20048,-38.7456759,-72.6534891,0,26284623,2
20173,-38.7412036,-72.5793635,1,26284727,3
5588,-38.7173844,-72.6257027,1,26284738,6
5590,-38.7400649,-72.576336,0,26284869,2
5746,-38.7081197,-72.650392,1,26285208,2
20288,-38.7255909,-72.6367956,0,26285745,5
19973,-38.7411726,-72.6286101,0,26286265,2
5590,-38.7397456,-72.6097081,1,26286955,2
5726,-38.7417208,-72.6067753,0,26287056,4
20288,-38.7159876,-72.6572261,0,26287149,9
20218,-38.7154923,-72.5588641,0,26287942,3
19923,-38.7403509,-72.6296628,1,26287981,2
5590,-38.7389883,-72.6481128,0,26288336,2
19973,-38.7233323,-72.6512412,0,26288553,5
5585,-38.713056,-72.5536168,0,26289148,6
5668,-38.7098042,-72.6582565,1,26289224,2
5670,-38.735615,-72.5942117,0,26289400,4
20096,-38.7540373,-72.6404513,1,26289790,2
20173,-38.7104178,-72.6263588,0,26290615,2
5580,-38.7391754,-72.5876534,0,26290657,3
20288,-38.7402444,-72.5906592,0,26290900,2
5608,-38.7092642,-72.6659863,0,26291001,2
5680,-38.7430499,-72.6084248,0,26291250,3
5580,-38.7682264,-72.7616664,0,26291265,7
5582,-38.7339907,-72.6382069,1,26291627,1
5680,-38.7423578,-72.5920278,0,26291798,2
11465,-38.7681841,-72.7443305,0,26291915,2
5589,-38.692543,-72.5279451,0,26291956,2
20288,-38.7573984,-72.5892132,1,26292382,4
5668,-38.7428153,-72.5918529,1,26292754,2
5670,-38.7316372,-72.6116907,0,26293943,5
5582,-38.7367244,-72.6029932,0,26295885,2
5582,-38.7162713,-72.6189315,1,26297053,3
20140,-38.73526,-72.6100037,1,26297513,2
5698,-38.7470208,-72.6414209,0,26297656,6
5585,-38.7294063,-72.6107384,0,26297940,2
20016,-38.7328179,-72.6354208,0,26298122,4
5782,-38.7353138,-72.6024051,0,26298311,5
5588,-38.7249124,-72.6164376,1,26298367,3
5611,-38.7651738,-72.678982,0,26298683,3
5596,-38.7589272,-72.6183611,1,26299093,2
5746,-38.7333114,-72.5964725,0,26299147,4
5588,-38.741052,-72.5948196,0,26299773,4
5608,-38.7261272,-72.6119183,0,26300358,4
5654,-38.7357107,-72.5742634,0,26300521,1
20096,-38.7464502,-72.6351304,0,26300782,5
5694,-38.7116165,-72.6314398,0,26300959,3
5703,-38.7352738,-72.6169863,0,26301198,3
5589,-38.7341232,-72.5777139,0,26302962,3
5597,-38.7397608,-72.6186527,0,26302988,2
5585,-38.7125878,-72.6501802,0,26311719,4
20048,-38.7606599,-72.7497196,0,26312184,1
11465,-38.7411856,-72.6340442,0,26312495,4
19923,-38.7282632,-72.6413566,0,26314970,2
20218,-38.718072,-72.5694239,0,26315415,6
19960,-38.7577299,-72.6206883,1,26315555,2
5654,-38.7261209,-72.5573958,0,26316123,2
19973,-38.714888,-72.6291456,0,26316581,2
5782,-38.7596377,-72.6378768,0,26319149,2
5589,-38.7395266,-72.6250201,0,26319858,6
5703,-38.7380912,-72.6280694,0,26320458,6
5813,-38.7303158,-72.6390308,0,26321306,3
5608,-38.749095,-72.6134667,0,26323236,4
5703,-38.7487999,-72.6299015,0,26326947,4
20096,-38.7464766,-72.6005719,1,26327823,2
20048,-38.7218261,-72.6355112,0,26328110,7
5585,-38.7490299,-72.6292644,0,26328359,4
19973,-38.7111789,-72.6553614,1,26331565,4
5608,-38.7612464,-72.7651747,0,26332015,3
5596,-38.7307316,-72.6325648,0,26332727,2
5601,-38.7550189,-72.6298772,0,26333276,2
5611,-38.7251835,-72.6107289,1,26334139,2
5746,-38.7681568,-72.6033969,1,26334460,5
20140,-38.7687589,-72.583861,1,26335290,1
5590,-38.7644954,-72.608143,1,26335915,1
20016,-38.7535708,-72.6343983,1,26337842,3
20016,-38.7191091,-72.617571,1,26338794,3
5694,-38.7232665,-72.631761,0,26340561,2
20218,-38.714723,-72.6489695,0,26340671,6
5596,-38.7346088,-72.5764328,0,26341621,3
20096,-38.7541162,-72.6560882,0,26344748,2
5668,-38.724698,-72.5620499,0,26344913,2
5722,-38.7517562,-72.6296082,1,26345096,5
5588,-38.7649485,-72.7677378,1,26345606,1
5652,-38.7358908,-72.6256199,1,26347684,4
5652,-38.7394265,-72.5979903,0,26348309,4
20096,-38.7098666,-72.6469236,1,26349022,3
20288,-38.7440094,-72.583349,0,26349328,3
20140,-38.7441537,-72.6212664,0,26356876,2
5746,-38.7088884,-72.660167,0,26357139,2
5590,-38.7383233,-72.5870493,1,26358354,3
11465,-38.7695607,-72.7808551,0,26358961,1
5682,-38.718417,-72.5670044,0,26359276,4
5611,-38.7697328,-72.5927741,1,26359828,2
5580,-38.737101,-72.6013966,0,26360965,4
5703,-38.7719048,-72.5911762,0,26363252,2
5580,-38.7076975,-72.5516021,1,26365018,2
5585,-38.7185052,-72.6514023,0,26365131,3
5682,-38.7369431,-72.6224264,0,26370804,3
19960,-38.7113136,-72.5481858,0,26376003,9
5703,-38.7293435,-72.6200058,1,26377343,5
11465,-38.7166909,-72.5607678,0,26528177,5
5597,-38.7379613,-72.6119596,0,26532351,2
5578,-38.7474031,-72.6415972,1,26534482,3
5589,-38.7135186,-72.661874,0,26534888,4
5589,-38.7566926,-72.6390606,1,26544409,4
5782,-38.7063292,-72.6257956,1,26546233,6
20137,-38.7408714,-72.634102,0,26547651,3
5668,-38.7107896,-72.5593097,0,26549912,2
5694,-38.7413889,-72.5975171,0,26553401,4
5604,-38.7178334,-72.5668553,1,26555165,3
5578,-38.736554,-72.6346462,0,26562914,2
5703,-38.7397043,-72.6023091,0,26563165,3
5654,-38.7326566,-72.645577,0,26565981,8
20048,-38.7382732,-72.6195422,0,26572182,5
5589,-38.7344148,-72.612528,0,26579277,3
20085,-38.7316033,-72.5777297,0,26611408,3
5668,-38.7308861,-72.6430806,0,26645133,4
5611,-38.7436591,-72.6026598,0,26650482,6
5597,-38.7408459,-72.6047099,0,26729178,2
5698,-38.7484929,-72.6284468,0,26740905,2
5578,-38.7334726,-72.6472796,1,26768039,5
5582,-38.7392699,-72.6489335,0,26797618,2
20016,-38.7428577,-72.6228051,0,26798100,3
20137,-38.7765565,-72.593017,0,26820383,3
19973,-38.7601543,-72.6782384,0,26821265,2
5596,-38.6903254,-72.5257395,0,26910612,2
5703,-38.709382,-72.5440924,0,26912549,2
5694,-38.7373548,-72.5861229,0,26929584,2
20218,-38.723652,-72.6111032,0,26950450,2
