5569,-38.7428198,-72.5889046,0,25566985,2
5575,-38.7295543,-72.5566235,1,25582325,3
5578,-38.7529477,-72.647629,1,25583491,2
5580,-38.7756053,-72.5788825,1,25585545,2
5582,-38.7233426,-72.6142686,1,25589051,2
5583,-38.7589791,-72.5985007,0,25645900,4
5585,-38.7220735,-72.5670344,1,25646766,7
5588,-38.7613926,-72.7690761,1,25647476,1
5589,-38.7604585,-72.6308463,1,25647993,8
5590,-38.7175188,-72.6499715,1,25648579,1
5592,-38.7398368,-72.6146437,0,25649345,2
5596,-38.739499,-72.5748338,1,25649842,2
5597,-38.713045,-72.6511443,0,25651745,4
5601,-38.7410179,-72.5809416,1,25652221,4
5604,-38.7089418,-72.5468076,0,25652297,4
5606,-38.7206076,-72.6194232,1,25653846,2
5608,-38.746946,-72.6102048,1,25655300,3
5611,-38.7553486,-72.6202078,1,25655817,2
5652,-38.6838278,-72.6514323,1,25655859,2
5654,-38.7364621,-72.5808721,1,25656227,3
5659,-38.727326,-72.6164607,0,25656946,3
5661,-38.7109641,-72.664155,0,25657091,5
5664,-38.7397368,-72.624956,1,25657190,3
5668,-38.7210806,-72.5556122,1,25657289,2
5669,-38.7265506,-72.6287631,0,25658623,4
5670,-38.7438548,-72.5768938,1,25659268,2
5675,-38.7253572,-72.6153872,1,25659668,3
5680,-38.7685642,-72.74654,1,25659681,1
5682,-38.7656055,-72.7498247,0,25659815,1
5684,-38.7422915,-72.6125329,0,25659910,2
5693,-38.7712265,-72.5914341,0,25659956,2
5694,-38.7256548,-72.624082,0,25660272,2
5697,-38.7363945,-72.5904805,0,25661627,2
5698,-38.7235066,-72.6199341,1,25661959,3
5703,-38.7184862,-72.6515166,1,25662007,3
5706,-38.7372902,-72.5943359,0,25662084,1
5709,-38.7450645,-72.6026713,1,25662098,4
5713,-38.7386679,-72.5926305,1,25662278,1
5714,-38.751371,-72.6220851,0,25662520,3
5717,-38.7570126,-72.7739805,0,25662566,1
5722,-38.7247431,-72.5688561,1,25663070,2
5726,-38.6941934,-72.5307937,1,25663358,2
5746,-38.731785,-72.6044771,1,25664306,3
5782,-38.7085066,-72.6669679,1,25664572,2
5813,-38.6877748,-72.6581804,1,25665577,1
5814,-38.7356841,-72.5700837,1,25665771,4
5816,-38.7224227,-72.5732585,0,25666375,3
11465,-38.7559266,-72.7709573,0,25666880,3
19923,-38.756532,-72.6425877,0,25666883,3
19960,-38.718434,-72.6163152,1,25667256,4
19973,-38.7411724,-72.6133434,1,25667402,2
19981,-38.7355456,-72.63205,1,25667747,3
19983,-38.7083665,-72.5466014,1,25668841,2
20016,-38.7230733,-72.5540902,1,25668867,2
20048,-38.723425,-72.6107529,1,25669541,5
20085,-38.7372468,-72.6062937,0,25671736,6
20096,-38.7582573,-72.627243,0,25671738,2
20100,-38.7286431,-72.6004701,0,25671902,4
20129,-38.7622042,-72.7571439,0,25672833,1
20137,-38.7194614,-72.5559243,1,25673484,6
20140,-38.7261972,-72.5723694,0,25674455,2
20173,-38.7626659,-72.7687392,1,25674805,1
20181,-38.7149015,-72.6551237,1,25675605,5
20212,-38.7149981,-72.6516084,1,25675638,3
20218,-38.7392744,-72.6055589,0,25676453,6
20288,-38.7085099,-72.6642732,0,25676679,5
19973,-38.7521955,-72.6029428,1,25678662,2
20100,-38.7554326,-72.6493449,0,25679004,2
5709,-38.7183809,-72.6557938,0,25679029,5
5706,-38.7591668,-72.6241591,1,25679162,2
5654,-38.6975229,-72.555708,1,25679840,3
5652,-38.7179873,-72.6440826,0,25680034,5
5659,-38.7597164,-72.6490108,0,25680678,5
5668,-38.7163604,-72.6294788,1,25680757,2
20096,-38.7717024,-72.7500585,0,25681026,3
20016,-38.702169,-72.5447575,1,25681399,2
20218,-38.7707434,-72.5917389,1,25682440,1
5596,-38.720952,-72.5594293,1,25682890,4
5782,-38.7391041,-72.5915187,0,25682941,3
5682,-38.7725346,-72.5770408,0,25683811,1
5698,-38.737052,-72.6245705,1,25685134,2
5722,-38.7405974,-72.6144386,0,25685786,2
19960,-38.7679742,-72.7642951,0,25686253,3
5713,-38.7248026,-72.6237141,0,25686337,7
5693,-38.7405273,-72.627512,1,25686444,4
20085,-38.7093525,-72.5473685,0,25686750,4
5569,-38.7304415,-72.6032691,0,25687193,2
5816,-38.7171039,-72.5621278,1,25687231,4
5580,-38.7516842,-72.6178654,0,25687285,3
5661,-38.7115477,-72.6631463,0,25687438,3
11465,-38.7587071,-72.6209408,1,25687459,3
5706,-38.7126149,-72.6578597,1,25688018,3
5717,-38.7713431,-72.7525339,1,25688774,3
5608,-38.7346725,-72.6159117,1,25688829,6
20096,-38.7169451,-72.5647034,0,25689062,3
5813,-38.7648885,-72.6769568,0,25689555,2
20048,-38.7219787,-72.6337063,0,25689647,4
19923,-38.7694325,-72.7461318,0,25689755,1
5684,-38.7571341,-72.6190777,1,25690041,4
20048,-38.7559788,-72.6484683,1,25691033,4
5814,-38.7056753,-72.6478072,1,25691999,2
20212,-38.7420867,-72.6301983,1,25692138,1
5589,-38.716773,-72.6142132,1,25693620,1
5611,-38.7243289,-72.6211272,0,25693865,3
5709,-38.723761,-72.6369549,1,25695034,3
5714,-38.7662875,-72.7325313,0,25695495,1
20085,-38.7314486,-72.5726251,1,25695686,4
20173,-38.7279801,-72.5994073,1,25697495,2
5589,-38.7114138,-72.6447562,1,25697807,5
19923,-38.701719,-72.6440828,1,25697836,3
5604,-38.7297406,-72.6185661,1,25698087,2
5684,-38.7594504,-72.625929,1,25698245,5
20137,-38.7339095,-72.6124005,1,25698430,2
20218,-38.7625061,-72.7512783,1,25698623,1
5583,-38.7425966,-72.6420639,0,25699173,1
5589,-38.7404782,-72.6135236,0,25716272,5
19923,-38.7232385,-72.5635898,1,25716336,2
5575,-38.719968,-72.612819,1,25716471,2
5714,-38.7301984,-72.5745249,1,25716519,3
20100,-38.7271594,-72.5673956,1,25716929,2
5746,-38.7193572,-72.5527822,1,25717327,4
5675,-38.7179724,-72.5530934,0,25718168,4
19983,-38.7382845,-72.5950028,1,25718294,2
5722,-38.728839,-72.6288589,0,25718713,3
20085,-38.7360737,-72.6443149,0,25719084,10
5669,-38.7531855,-72.6418198,1,25719557,2
20288,-38.7623952,-72.7724408,0,25720171,2
20288,-38.7157821,-72.6538189,1,25720318,2
5659,-38.7526877,-72.6332036,1,25720696,4
5661,-38.7211546,-72.6133434,1,25720783,4
20173,-38.7584282,-72.6254867,1,25721865,2
11465,-38.772395,-72.5920815,0,25722529,5
20096,-38.7628709,-72.7742226,1,25722585,3
5684,-38.7373173,-72.6099946,0,25722777,5
5580,-38.7266222,-72.6052781,1,25723148,3
20137,-38.7081646,-72.6203639,1,25723343,1
5816,-38.7526317,-72.6244049,1,25724115,2
20016,-38.7243603,-72.6249597,0,25724211,4
5693,-38.7149946,-72.6355128,1,25724405,3
5578,-38.7255303,-72.6166025,0,25724798,2
5694,-38.7621603,-72.7566314,0,25724915,3
11465,-38.718176,-72.5626493,0,25725287,3
5813,-38.7355922,-72.5984704,0,25725809,3
5714,-38.7628972,-72.675654,0,25725917,2
5813,-38.7333945,-72.6337431,0,25726990,2
5675,-38.712589,-72.6272649,1,25727508,2
5575,-38.7405844,-72.6275233,1,25727549,4
20048,-38.7500222,-72.6051086,1,25727819,1
19973,-38.7552861,-72.6497141,1,25727991,3
5669,-38.726931,-72.6276038,0,25728092,3
5652,-38.7333662,-72.6135221,1,25728433,4
5670,-38.7141642,-72.629468,1,25729146,4
5659,-38.7455234,-72.5802734,1,25729180,3
20100,-38.73583,-72.622842,0,25729556,2
20048,-38.7317732,-72.6009467,0,25730013,2
5684,-38.7227131,-72.5640893,0,25730109,6
5608,-38.7252034,-72.6510832,0,25730800,8
5588,-38.7337763,-72.5748832,1,25731158,6
5601,-38.7025572,-72.6495512,0,25731190,1
5669,-38.7534371,-72.6301572,0,25731516,2
5597,-38.7147879,-72.649512,1,25731734,2
5668,-38.7192171,-72.6106229,1,25731904,2
20016,-38.750483,-72.6106055,0,25731961,4
5713,-38.7608878,-72.633841,0,25732000,5
5714,-38.7168532,-72.654773,1,25732066,2
5601,-38.7208713,-72.6080116,1,25732911,1
5706,-38.744246,-72.6269871,0,25732992,5
5697,-38.7506844,-72.606429,1,25733177,1
20212,-38.7630704,-72.5919103,1,25769455,2
19923,-38.771928,-72.7546928,1,25769999,6
20100,-38.7238219,-72.6074211,1,25770932,4
5693,-38.7269635,-72.626643,1,25771001,2
5582,-38.7192961,-72.606182,1,25771201,3
5664,-38.7725263,-72.6075189,0,25771862,8
5652,-38.7102572,-72.5472373,1,25772358,3
5682,-38.7201792,-72.6093357,1,25772403,2
5684,-38.7012284,-72.6465833,0,25773614,3
5682,-38.7537406,-72.6411255,1,25775355,2
5713,-38.7338878,-72.5786308,1,25775465,4
5601,-38.715668,-72.633344,0,25776308,1
5680,-38.7586421,-72.6302771,1,25776527,3
5606,-38.7346953,-72.5672958,1,25777139,3
5709,-38.7605976,-72.5914005,1,25777383,5
5706,-38.712052,-72.6597968,0,25778609,2
20016,-38.71508,-72.6136543,1,25779435,2
5583,-38.7365839,-72.6207399,0,25780778,6
5664,-38.772106,-72.5753022,1,25780898,1
5713,-38.7174405,-72.6157024,1,25781471,3
20096,-38.7090712,-72.6557277,1,25781841,2
5698,-38.7580904,-72.6481655,1,25877028,3
5693,-38.7106944,-72.6598487,1,25877120,3
5592,-38.7173689,-72.5533088,1,25878016,2
5583,-38.7634864,-72.7447341,1,25879016,1
5578,-38.7269984,-72.6252271,0,25879358,5
5588,-38.7675584,-72.6064455,0,25879879,7
5596,-38.7597908,-72.6365757,0,25883026,2
5659,-38.7458877,-72.5955746,0,25884026,5
5596,-38.7190211,-72.5660464,0,25884185,2
19983,-38.7695611,-72.5775849,1,25884584,1
5661,-38.7417103,-72.6001433,0,25885876,4
5604,-38.7193413,-72.6073658,1,25885976,3
5604,-38.7346054,-72.5874714,1,25888140,4
20140,-38.7064309,-72.5495441,1,25888742,2
20140,-38.7469201,-72.5828011,0,25888859,3
20140,-38.7414149,-72.5898536,1,25889464,2
5782,-38.737957,-72.5901867,1,25892191,1
5693,-38.7566393,-72.7416047,1,25893972,2
20218,-38.7215142,-72.6175028,1,25894434,2
20140,-38.7230905,-72.6122325,1,25894563,4
20173,-38.7360759,-72.6016521,1,25895376,2
20096,-38.7345821,-72.601657,1,25896562,3
19973,-38.7586001,-72.6205634,1,25897199,2
19960,-38.7682483,-72.5904039,0,25897552,5
5746,-38.7206819,-72.6065516,1,25898714,4
5611,-38.7393228,-72.6419882,1,25898933,4
5597,-38.708684,-72.66276,0,25898962,5
5669,-38.767043,-72.7779074,0,25899449,1
5746,-38.7494204,-72.6072153,0,25899848,2
19923,-38.710478,-72.6258834,0,25900871,2
5569,-38.7227028,-72.5718077,1,25901403,4
5664,-38.7219078,-72.618338,1,25902882,2
5703,-38.7468578,-72.5999732,1,25903745,2
20096,-38.7166039,-72.6245882,1,25904257,3
5608,-38.7404558,-72.5784813,1,25904902,3
5697,-38.7329061,-72.5590289,1,25906241,2
5590,-38.7442697,-72.5807022,0,25906445,2
19923,-38.7187875,-72.6125,1,25906499,3
5608,-38.7450698,-72.5783896,1,25906595,4
5675,-38.7338652,-72.584793,1,25909805,1
19960,-38.7007733,-72.5540815,1,25911130,3
20096,-38.7689415,-72.5823657,0,25911526,2
20016,-38.7255201,-72.5694574,1,25912375,5
5709,-38.7100812,-72.665873,0,25912974,8
5726,-38.7668229,-72.6815204,0,25913038,7
5714,-38.7392434,-72.5915063,0,25913225,4
5661,-38.7525779,-72.6102903,1,25914978,4
5654,-38.7391384,-72.6172242,0,25915195,4
5606,-38.7579246,-72.6373426,1,25915475,3
5575,-38.6957394,-72.6546478,1,25916933,1
5722,-38.769541,-72.7470303,1,25917177,1
5746,-38.7221701,-72.6159522,1,25918318,6
5684,-38.7238159,-72.6212998,1,25918648,4
5569,-38.714402,-72.6345496,0,25919253,3
5782,-38.7624633,-72.7571692,0,25919709,1
5714,-38.7539996,-72.641482,1,25919766,2
5585,-38.7567373,-72.629184,1,25920181,3
5596,-38.7564347,-72.6245679,1,25920627,2
5669,-38.7439719,-72.5823332,1,25920920,2
5706,-38.7418984,-72.5920915,0,25921382,2
5575,-38.7594627,-72.6322378,1,25922149,2
5668,-38.7334014,-72.5715296,0,25923731,2
5670,-38.7433599,-72.5782985,1,25924536,1
5659,-38.7404095,-72.575186,1,25925964,3
20100,-38.7267723,-72.599061,0,25926807,2
5575,-38.73845,-72.5899837,1,25927034,1
19983,-38.7336699,-72.6502474,1,25927603,2
5668,-38.7405419,-72.6026148,0,25928069,4
5659,-38.7385956,-72.6166465,0,25928283,5
5608,-38.7203947,-72.6133162,1,25928924,2
19983,-38.730926,-72.6189499,0,25929298,3
20085,-38.7540278,-72.6544259,0,25929823,2
5601,-38.7444414,-72.5847033,0,25930054,5
5604,-38.760715,-72.6299124,1,25930709,5
20100,-38.7093534,-72.6598306,0,25930712,3
20016,-38.7172277,-72.6336661,0,25930826,6
20218,-38.7399114,-72.6277336,1,25930948,3
5668,-38.760897,-72.6781975,0,25931263,2
5684,-38.7040097,-72.543135,0,25931308,3
5606,-38.7677688,-72.6068633,1,25931340,4
5782,-38.6799832,-72.5020452,1,25931377,2
20288,-38.7104814,-72.5575583,0,25931664,5
5606,-38.7199963,-72.6173948,1,25933024,2
5654,-38.7120683,-72.6564591,1,25934001,2
20085,-38.7610319,-72.7518472,1,25934761,1
5659,-38.7112309,-72.5495152,1,25935203,4
5578,-38.7013359,-72.6429121,1,25936254,4
20085,-38.7078832,-72.5557898,1,25936659,2
20218,-38.7232458,-72.605635,1,25937620,4
20096,-38.7172898,-72.6087714,1,25938304,3
5717,-38.721708,-72.5572084,0,25938470,2
11465,-38.7430829,-72.5895671,1,25938958,2
5694,-38.7161612,-72.6151924,1,25938976,2
5589,-38.736945,-72.5902387,0,25941507,4
5589,-38.7328048,-72.5565288,1,25941517,2
5583,-38.7217221,-72.5617672,0,25942141,3
19960,-38.7460197,-72.6016818,1,25946701,3
20218,-38.7598351,-72.6373587,1,25946899,2
5569,-38.7360973,-72.5997048,1,25947175,3
19923,-38.7208611,-72.6072332,1,25947337,2
5682,-38.7168555,-72.6545417,1,25948345,2
5668,-38.7362778,-72.5827571,0,25948453,6
5694,-38.7710558,-72.7624846,1,25949167,3
5601,-38.7087755,-72.548441,0,25949490,5
5654,-38.6916262,-72.6555922,0,25949784,2
5682,-38.7351666,-72.5724458,1,25950219,3
5782,-38.729068,-72.6232947,1,25950559,3
5694,-38.7346756,-72.5796194,0,25950631,5
5604,-38.7203809,-72.6156379,1,25950698,2
20048,-38.7090578,-72.6632416,1,25954410,4
5697,-38.7551691,-72.6227095,1,25954494,3
11465,-38.7765319,-72.6020726,1,25954958,4
5698,-38.7317979,-72.611061,0,25955446,3
5578,-38.7521895,-72.6418412,0,25956914,2
5746,-38.7660095,-72.7603711,1,25956917,1
5589,-38.7594584,-72.6427159,1,25957519,2
5746,-38.7738818,-72.5988742,0,25957667,3
5608,-38.7536022,-72.6209292,1,25958910,3
5726,-38.7296298,-72.6176957,1,25959041,4
5606,-38.7410213,-72.6132941,1,25959946,2
5694,-38.7357916,-72.5731995,1,25959959,3
5652,-38.7401157,-72.5725802,0,25960371,3
20096,-38.7435621,-72.5796703,1,25984637,3
19973,-38.7549041,-72.6171364,1,25985075,3
5601,-38.7067483,-72.5413875,0,25985406,3
5588,-38.7071253,-72.6649516,0,25988042,4
5590,-38.721557,-72.6071893,1,25990522,2
5713,-38.7457998,-72.5852161,1,25991170,4
20212,-38.7519685,-72.615088,1,25994043,3
5575,-38.7097055,-72.5489445,1,25996255,4
5604,-38.7609021,-72.6510335,1,25996640,2
5583,-38.7234469,-72.6310087,1,25999106,4
5668,-38.7103209,-72.6302439,1,26000593,3
5596,-38.7613513,-72.6263543,1,26001547,2
20137,-38.70848,-72.6457773,0,26001826,3
20096,-38.6740192,-72.5024635,1,26002938,1
20137,-38.7145768,-72.6263381,1,26006561,2
5588,-38.720953,-72.6141791,1,26007243,3
20016,-38.7693301,-72.7442027,0,26008189,1
5569,-38.6865694,-72.6540011,1,26008200,2
11465,-38.7397942,-72.5724297,1,26008901,2
5697,-38.7140544,-72.6591894,1,26009251,3
5589,-38.70894,-72.655719,1,26009257,4
5608,-38.767342,-72.7409292,0,26009265,1
19983,-38.7586702,-72.6324542,1,26013388,4
5717,-38.7715708,-72.761425,1,26017889,2
5575,-38.7597961,-72.6504391,1,26018763,3
20096,-38.7222154,-72.6149097,1,26019113,3
20096,-38.7245896,-72.6073784,1,26019194,2
5697,-38.7754208,-72.5916258,1,26019891,2
5596,-38.7385853,-72.5915703,1,26019968,2
5583,-38.7182893,-72.6115033,1,26019971,2
5596,-38.7152485,-72.6343705,1,26022240,2
19923,-38.7444982,-72.5750187,1,26022563,2
5680,-38.7734911,-72.6033267,1,26023352,5
5652,-38.7768539,-72.5973365,1,26029211,1
5680,-38.6970651,-72.5500132,1,26029224,2
5608,-38.7382905,-72.5937254,0,26030057,6
5652,-38.7165283,-72.6526694,1,26030420,2
19923,-38.7195101,-72.6283896,0,26030637,2
11465,-38.7227802,-72.5750462,1,26030839,3
19973,-38.7122004,-72.5478323,1,26031129,5
20173,-38.7770422,-72.6041271,1,26031485,1
20129,-38.7782873,-72.5913521,1,26031864,1
5606,-38.7133721,-72.6235207,1,26031921,9
5589,-38.7248574,-72.6358033,1,26032095,2
5694,-38.7093544,-72.5558835,1,26033982,2
5717,-38.7134458,-72.6592566,1,26034852,5
5709,-38.7205057,-72.5555641,0,26035286,2
5717,-38.7271169,-72.611535,1,26035628,4
5592,-38.7362257,-72.5911217,1,26036318,5
5693,-38.7608161,-72.6355761,1,26036959,3
5589,-38.7200421,-72.6119022,1,26037746,3
5675,-38.7226887,-72.6160252,1,26039697,4
19960,-38.7399751,-72.6279326,0,26039902,2
5659,-38.7330129,-72.6039118,1,26041538,4
20288,-38.725684,-72.5741352,0,26041884,4
5682,-38.7267156,-72.6376547,0,26041983,2
5659,-38.7601997,-72.5864644,1,26043151,1
5693,-38.6970994,-72.5375378,0,26043404,3
5592,-38.7584578,-72.6230519,1,26044154,4
5706,-38.6899215,-72.5219256,0,26044602,2
5608,-38.7441787,-72.5820629,1,26045999,3
5675,-38.7524276,-72.6644179,0,26046176,2
5606,-38.7531948,-72.626217,0,26046561,1
5694,-38.7153326,-72.5488034,1,26047425,2
5670,-38.7605631,-72.6494162,1,26047485,3
5608,-38.7292511,-72.5720509,0,26047578,5
5611,-38.7616245,-72.7387634,0,26048781,4
5569,-38.7313778,-72.5631853,1,26057239,4
5782,-38.7688891,-72.7428755,0,26061304,1
20016,-38.7184932,-72.6040682,1,26062900,3
5675,-38.7126481,-72.6333372,1,26086631,3
5680,-38.7140987,-72.6621639,1,26087003,1
5589,-38.7154793,-72.6307327,0,26088865,2
5682,-38.7108641,-72.6304153,1,26091098,4
5726,-38.7247499,-72.61564,1,26091614,5
20048,-38.7550447,-72.6423106,1,26092302,2
5661,-38.7419371,-72.5915704,0,26092519,3
5604,-38.7208777,-72.6075763,1,26093300,2
5582,-38.7184562,-72.6187676,1,26093367,2
5717,-38.7116335,-72.6522926,0,26093829,5
19923,-38.7720849,-72.5876888,1,26123179,1
5722,-38.7184817,-72.6140579,1,26150969,2
20096,-38.7474339,-72.6115978,1,26167202,2
5661,-38.7365328,-72.5929758,1,26167286,2
20288,-38.7306415,-72.5583494,1,26167618,2
5813,-38.7030602,-72.6509769,1,26168120,3
5782,-38.7510618,-72.6103094,0,26168795,6
5585,-38.7725906,-72.7673262,1,26171194,1
20016,-38.7168565,-72.6107107,1,26171410,1
5709,-38.7105716,-72.6529167,1,26172197,3
5713,-38.762195,-72.7717337,0,26172824,1
5714,-38.7210654,-72.5612362,1,26173188,3
5697,-38.7162735,-72.6210561,1,26173506,2
5606,-38.7112599,-72.6599464,1,26174764,2
20048,-38.7392119,-72.6042245,0,26175211,2
5682,-38.7481699,-72.6105844,1,26175793,2
5709,-38.7228144,-72.6234078,0,26179367,2
20288,-38.7741979,-72.7708651,1,26180740,1
20137,-38.7224339,-72.6053065,1,26181733,2
5661,-38.7327851,-72.5884012,1,26182825,2
20288,-38.7130473,-72.6607119,1,26184180,2
5722,-38.7110977,-72.6582355,0,26184285,2
5654,-38.7146337,-72.5591306,1,26185033,3
5652,-38.7678347,-72.5752498,0,26185086,1
5583,-38.7543196,-72.6417845,1,26187693,2
19973,-38.7272321,-72.5538674,1,26188453,2
5709,-38.724499,-72.6144415,1,26189488,2
5709,-38.7057996,-72.6603366,1,26190548,4
5578,-38.7186823,-72.6200415,0,26191078,2
5585,-38.7262492,-72.6039713,0,26191864,2
5670,-38.7591676,-72.6193068,1,26192402,2
5709,-38.7129807,-72.6633235,0,26193459,3
5611,-38.73404,-72.6382819,1,26194750,3
20096,-38.7416299,-72.5906062,0,26195253,4
5659,-38.7302781,-72.5670206,1,26196183,4
20096,-38.6903596,-72.6539836,0,26196537,2
20173,-38.7610676,-72.6465296,1,26196660,3
5722,-38.7395016,-72.591116,1,26197720,1
5693,-38.7172361,-72.6326838,1,26198483,3
5590,-38.7249806,-72.6223028,0,26198570,2
5713,-38.7131908,-72.6579636,0,26199458,3
5596,-38.7274013,-72.5637075,1,26200413,4
5664,-38.7423188,-72.5776999,1,26201073,4
5668,-38.7578836,-72.6243309,1,26201853,3
5590,-38.7072641,-72.5366206,1,26202268,3
5675,-38.7245424,-72.610721,1,26202787,1
20288,-38.7478606,-72.632471,1,26203851,3
5589,-38.7380286,-72.589674,0,26204734,2
5578,-38.7603435,-72.7437303,1,26204823,1
5654,-38.7336011,-72.6381129,1,26204862,2
5709,-38.7617387,-72.6232783,0,26206167,3
20016,-38.7474257,-72.6286524,0,26208459,4
5726,-38.7401765,-72.5877285,0,26209135,2
5590,-38.7580091,-72.6190973,1,26211080,2
5694,-38.7243544,-72.6393259,1,26211841,3
20173,-38.758462,-72.6464621,0,26211967,4
20212,-38.7094094,-72.6207102,1,26212486,3
5597,-38.718031,-72.5549944,0,26213173,5
5606,-38.7296023,-72.6300671,0,26214480,3
5694,-38.7242713,-72.5555513,1,26214704,4
5713,-38.6968366,-72.5487388,0,26214707,2
20048,-38.730018,-72.5921946,0,26215828,2
5722,-38.730545,-72.6055397,1,26215861,6
11465,-38.771403,-72.7645447,1,26216251,1
20096,-38.7172791,-72.610637,1,26217017,2
5703,-38.7098788,-72.651635,1,26217025,3
5652,-38.7222134,-72.5567377,0,26217632,2
5590,-38.7257932,-72.6177703,0,26219199,3
5813,-38.6864311,-72.6576971,0,26219475,7
5575,-38.695642,-72.5498551,0,26219616,3
5582,-38.7193525,-72.6104123,1,26219766,3
19983,-38.759825,-72.6485232,1,26220053,5
5583,-38.7747629,-72.6077935,0,26220551,3
5606,-38.708226,-72.6284325,1,26221218,3
5746,-38.7632486,-72.7877081,1,26221381,5
19923,-38.7058134,-72.5463508,1,26222276,3
5706,-38.7517362,-72.6033506,1,26224266,2
5680,-38.7351979,-72.5675232,1,26224711,2
5703,-38.7216867,-72.6213515,0,26224831,6
5580,-38.7288939,-72.5579384,1,26225262,3
5670,-38.7262135,-72.6359896,0,26228136,5
20016,-38.7655801,-72.7263614,1,26229403,1
11465,-38.7348005,-72.6061571,1,26250312,4
5569,-38.7199851,-72.6186603,0,26250494,4
5713,-38.7338352,-72.5744604,1,26250681,5
20048,-38.7171439,-72.6165972,1,26251055,4
5611,-38.7509112,-72.6133854,0,26252145,7
5596,-38.7489602,-72.6396634,1,26252936,4
5606,-38.7057177,-72.54343,0,26252985,3
5713,-38.6907466,-72.5283151,0,26272335,2
19983,-38.7257619,-72.5645641,0,26272341,3
20048,-38.7253392,-72.6231413,1,26275623,3
5694,-38.6818147,-72.5044346,1,26285569,1
20085,-38.7145394,-72.661049,1,26310012,3
5592,-38.7119869,-72.6589869,1,26310224,3
5782,-38.7248795,-72.5714128,1,26310385,5
5608,-38.7130108,-72.6635439,1,26310440,2
5592,-38.7607408,-72.6518985,1,26310577,3
5597,-38.7574954,-72.627495,0,26310915,3
5569,-38.725882,-72.5642102,1,26311015,2
5569,-38.7582776,-72.6313186,0,26311237,2
5698,-38.7473094,-72.585479,0,26311607,2
5813,-38.7561261,-72.6352921,0,26312017,5
20085,-38.7229764,-72.5580943,0,26312051,2
5680,-38.739603,-72.5922523,1,26312161,4
5652,-38.7466855,-72.6292502,1,26312414,4
5611,-38.737893,-72.6120013,0,26312530,4
20137,-38.7334271,-72.638503,0,26312577,4
5659,-38.7488805,-72.6114379,1,26312612,2
5694,-38.7742057,-72.7623399,1,26312636,2
5589,-38.7432313,-72.6079907,0,26313102,3
5694,-38.7612928,-72.7564744,0,26313963,5
5611,-38.7587337,-72.6195992,1,26314113,2
19983,-38.7206374,-72.6466935,0,26315499,5
5694,-38.7304773,-72.5646023,1,26315545,5
20016,-38.7437134,-72.5734035,1,26315619,2
20048,-38.7177013,-72.6250334,0,26316935,4
5698,-38.7214625,-72.5533594,1,26317727,2
20212,-38.7629761,-72.592024,1,26317812,3
20048,-38.7436746,-72.6279374,1,26319268,3
20212,-38.7589391,-72.6249976,0,26319906,3
5652,-38.7204956,-72.6180643,1,26320294,6
20137,-38.7252882,-72.6250829,0,26320389,4
5596,-38.7566748,-72.5964595,1,26320782,4
5604,-38.7271824,-72.6192598,1,26320955,2
20218,-38.7167844,-72.6501548,1,26321080,2
5597,-38.7510024,-72.6132923,1,26321181,3
5746,-38.7557102,-72.6204688,1,26321529,2
19973,-38.7106961,-72.638334,0,26321876,2
5694,-38.7379797,-72.6172561,0,26322904,5
20048,-38.7210296,-72.6227684,0,26323203,3
5670,-38.6915982,-72.6553474,1,26323299,1
5713,-38.7561869,-72.6204407,1,26324021,8
5661,-38.7119793,-72.6209639,1,26324454,4
5703,-38.7382594,-72.588194,1,26324589,3
20173,-38.726365,-72.5970679,1,26325063,3
20048,-38.7700236,-72.7665614,0,26325327,2
19923,-38.7561044,-72.6313747,1,26325761,2
5608,-38.7349919,-72.6266603,1,26325931,4
5575,-38.7401937,-72.5770137,1,26326658,2
5597,-38.7155629,-72.6571722,0,26326712,3
5582,-38.7134808,-72.6577767,1,26327045,4
20096,-38.7512788,-72.6433306,0,26327615,2
5611,-38.7045005,-72.5393485,0,26327824,3
5590,-38.7301888,-72.557355,1,26328571,3
5698,-38.7321889,-72.6055039,1,26328807,2
5569,-38.694006,-72.5276706,0,26329162,2
5611,-38.7193172,-72.5663748,1,26329519,1
5611,-38.7220245,-72.5699505,1,26330703,4
5675,-38.7223463,-72.6309682,1,26331010,3
5585,-38.7252402,-72.6234552,1,26331663,2
5675,-38.7173899,-72.6183065,1,26331815,4
5582,-38.7349465,-72.5747158,0,26332121,3
5682,-38.7065775,-72.6608002,0,26332358,3
5652,-38.7182055,-72.6316872,1,26333690,3
5569,-38.7662103,-72.7657608,1,26333763,1
5668,-38.7376902,-72.6213274,0,26334224,2
5606,-38.7258972,-72.5608587,0,26334857,3
20137,-38.7539325,-72.6370754,0,26335527,4
20212,-38.7173557,-72.6083184,1,26335593,3
5706,-38.7671661,-72.7586838,0,26335942,1
20096,-38.7418168,-72.6280245,1,26338761,3
5604,-38.7294544,-72.5722899,1,26338933,2
5575,-38.7342978,-72.5838637,1,26338948,5
5709,-38.7538897,-72.6508718,0,26339155,5
5604,-38.7537343,-72.6222072,1,26339924,12
5813,-38.741607,-72.6222772,0,26340732,5
5703,-38.7084193,-72.6257029,1,26341040,6
20137,-38.7344417,-72.5810494,0,26342499,1
20048,-38.7507276,-72.6096712,0,26342796,2
19973,-38.7540856,-72.6338134,1,26342879,3
20085,-38.6984805,-72.5388669,0,26343233,2
20085,-38.7606702,-72.6495422,1,26343523,1
5580,-38.7744854,-72.5895388,0,26344105,2
5569,-38.7593857,-72.6459269,1,26344698,3
5813,-38.7300248,-72.6126421,1,26345071,2
20085,-38.7646821,-72.7424752,1,26345074,4
5722,-38.7594083,-72.6328238,1,26345311,3
5706,-38.7520938,-72.6027989,1,26346290,2
20085,-38.743373,-72.5892605,0,26346548,3
5592,-38.7412493,-72.6097946,0,26347358,2
5569,-38.7589935,-72.7709425,1,26349002,3
5709,-38.7373958,-72.5658989,1,26349957,5
5706,-38.7304138,-72.5629006,1,26351655,2
5746,-38.7198508,-72.5555331,1,26351697,4
20096,-38.6997681,-72.5526743,1,26352451,4
5589,-38.7528397,-72.6422568,0,26352472,3
5675,-38.7198785,-72.5509817,0,26352481,6
5578,-38.7145176,-72.6606035,1,26353459,2
20212,-38.7323998,-72.6416547,0,26353738,2
5668,-38.7458783,-72.5967635,1,26353883,2
11465,-38.749418,-72.6318584,1,26354490,2
5596,-38.7372892,-72.5880987,0,26356282,3
5590,-38.7379366,-72.6122644,1,26356368,3
5596,-38.7142984,-72.5507624,1,26357357,3
20173,-38.7616425,-72.6342651,1,26357568,3
5582,-38.7596106,-72.7194938,0,26358734,2
5578,-38.7119308,-72.5568177,1,26359506,3
5680,-38.723034,-72.6352899,1,26359551,2
5589,-38.7623796,-72.7699086,0,26360167,1
5580,-38.7606379,-72.6513915,1,26361239,2
5675,-38.7546892,-72.6326282,1,26361460,4
5611,-38.731844,-72.6088076,0,26362310,8
5675,-38.740449,-72.6495759,0,26362472,2
5596,-38.74567,-72.5846447,0,26362703,2
5698,-38.7082099,-72.5431688,1,26363321,2
5569,-38.7472488,-72.6065644,1,26364067,5
5592,-38.7638362,-72.7243161,0,26365142,2
5578,-38.7434172,-72.594995,0,26365153,3
5680,-38.7406169,-72.5913907,1,26365268,3
5714,-38.7242367,-72.6359203,1,26365465,5
20085,-38.7580575,-72.5979219,0,26365898,3
20016,-38.7316864,-72.5989854,0,26366356,4
5703,-38.7426991,-72.5775457,1,26367968,3
5675,-38.7555553,-72.6575847,0,26369304,4
5582,-38.7484026,-72.6089301,1,26372129,4
5611,-38.7245981,-72.6231895,0,26373433,3
5654,-38.7528024,-72.6205749,1,26375350,3
5604,-38.7303347,-72.5833522,1,26375903,2
20288,-38.7489432,-72.6049956,1,26378421,2
5592,-38.7408682,-72.6489687,0,26378878,3
5597,-38.7173121,-72.6507416,0,26395713,5
20096,-38.7654292,-72.7406209,1,26399681,1
5675,-38.7118777,-72.6612383,1,26402154,4
5652,-38.7147215,-72.5585751,0,26404106,3
19973,-38.7205957,-72.6439879,1,26404291,5
5703,-38.7106831,-72.6647764,0,26404691,3
5583,-38.6858983,-72.6498848,1,26406585,1
20085,-38.7332314,-72.6033354,1,26408296,3
11465,-38.7561289,-72.6410828,1,26409752,3
5680,-38.7204585,-72.5740366,1,26409900,4
5746,-38.7416868,-72.5937093,0,26410146,3
5597,-38.7484218,-72.6332833,0,26411445,5
5582,-38.762094,-72.773542,1,26414376,1
5654,-38.6931426,-72.5281446,0,26417498,2
5585,-38.7217456,-72.634492,0,26419001,2
5585,-38.7591165,-72.6366882,1,26422812,2
19973,-38.7124761,-72.6592834,1,26423658,3
5582,-38.754179,-72.614958,1,26424168,4
5578,-38.7118782,-72.6276584,1,26428022,3
5670,-38.7411973,-72.5710983,1,26429153,5
5583,-38.7366242,-72.5990674,1,26429273,4
5611,-38.7337242,-72.5801369,0,26434888,1
5654,-38.7171868,-72.558201,1,26439267,3
5714,-38.717193,-72.6089675,1,26439559,2
20096,-38.7452754,-72.5806784,1,26440945,2
20173,-38.7680816,-72.7528586,1,26445726,1
5659,-38.7287102,-72.6283563,0,26447732,4
20016,-38.711685,-72.6245609,1,26449365,3
5664,-38.7229638,-72.6068567,1,26449707,3
20096,-38.7464908,-72.5839676,1,26450762,4
5706,-38.7263824,-72.6006287,0,26457067,3
5670,-38.7556359,-72.6357188,1,26459968,2
5698,-38.7264181,-72.6189467,0,26461654,2
5670,-38.7066,-72.6277559,1,26462163,3
5714,-38.7411954,-72.6138273,0,26462822,2
5664,-38.735861,-72.591678,1,26500070,5
5590,-38.7416141,-72.5869626,0,26500465,2
5580,-38.7323023,-72.5771435,0,26501311,7
20096,-38.7500517,-72.6241362,0,26501433,2
5682,-38.7387194,-72.5886198,0,26502095,2
5611,-38.7155065,-72.5497824,1,26502799,3
5583,-38.7414959,-72.5944408,0,26503864,4
20212,-38.740896,-72.5950689,1,26505693,2
11465,-38.7080289,-72.5478004,1,26508637,1
5698,-38.7779135,-72.5962855,0,26509064,2
5668,-38.7418948,-72.5869436,0,26510438,4
5680,-38.724154,-72.6088184,1,26510687,3
5652,-38.7084541,-72.5391558,1,26514372,2
5580,-38.7554919,-72.6427794,0,26514454,3
5589,-38.7370708,-72.5874383,0,26514688,4
5592,-38.7070784,-72.6522604,0,26517289,3
20137,-38.7521452,-72.6048672,0,26517313,4
5668,-38.704389,-72.5422259,1,26517602,4
5706,-38.7620303,-72.592087,0,26517687,1
5746,-38.7108184,-72.663584,1,26518191,3
5714,-38.70604,-72.5377209,0,26521129,2
5580,-38.7330791,-72.6252059,0,26521794,3
5569,-38.7073336,-72.5464167,1,26523094,1
5664,-38.7439979,-72.6323066,0,26523153,3
5694,-38.7182692,-72.6304488,0,26528047,5
5606,-38.7351244,-72.6149808,0,26528817,2
5611,-38.7202779,-72.6257219,1,26529493,3
19960,-38.7130989,-72.6579879,1,26531370,3
20173,-38.753705,-72.6292225,0,26535046,2
20173,-38.712457,-72.5578755,0,26535343,1
20137,-38.7380781,-72.5905238,1,26537332,2
5590,-38.735815,-72.5749433,1,26537827,2
19923,-38.7299898,-72.6242016,1,26539056,2
5782,-38.762009,-72.7635645,0,26540424,4
20212,-38.71403,-72.6315992,1,26540536,3
20016,-38.7382788,-72.5684713,1,26541757,2
5680,-38.6887816,-72.6535195,1,26550487,3
5608,-38.7651067,-72.5884173,1,26551229,1
5604,-38.7571398,-72.6326246,1,26552183,4
5713,-38.7521077,-72.632867,0,26552267,4
20085,-38.7453699,-72.6346992,0,26552710,3
19983,-38.7133074,-72.6572028,1,26554802,7
5592,-38.7323439,-72.6363275,1,26555346,3
5592,-38.7690597,-72.7641567,1,26556167,1
5713,-38.742837,-72.595782,0,26556295,5
5575,-38.7361748,-72.6199488,0,26556499,4
19923,-38.7175787,-72.6115204,1,26557172,1
5604,-38.7574127,-72.6595817,0,26557524,2
5668,-38.7151746,-72.6607632,0,26558716,5
19923,-38.7183577,-72.5576499,0,26559130,3
5680,-38.7205362,-72.6379684,1,26559755,3
5578,-38.709051,-72.5506955,0,26560031,3
5714,-38.7745645,-72.5752156,0,26560496,2
5575,-38.7629927,-72.7625828,1,26560559,1
5604,-38.7650966,-72.7669452,0,26561402,2
5746,-38.756852,-72.6520909,0,26561765,3
5608,-38.7568773,-72.6625984,0,26562013,7
5583,-38.7535399,-72.6352609,0,26562038,1
5713,-38.7284887,-72.6031026,0,26562412,3
5611,-38.7490243,-72.6229993,0,26562555,2
5583,-38.7421843,-72.6320458,0,26562737,4
5664,-38.7313034,-72.6318812,0,26563264,4
19973,-38.7181728,-72.6212472,1,26563289,3
5580,-38.7431336,-72.5898187,1,26563573,5
5578,-38.7510642,-72.5860928,1,26564323,5
5668,-38.7085272,-72.6657757,0,26564637,5
5722,-38.7273601,-72.6226531,1,26564816,3
5580,-38.6892774,-72.6559839,1,26566032,2
5592,-38.7308317,-72.6021859,1,26567330,2
5722,-38.7545946,-72.6576551,0,26567731,3
5580,-38.7611515,-72.7389028,0,26567902,1
5583,-38.6879145,-72.6547976,1,26568190,3
5668,-38.7299987,-72.6234548,1,26568619,3
19973,-38.7537426,-72.6621585,1,26569404,5
5713,-38.7371808,-72.635096,1,26569611,2
5606,-38.7540565,-72.6641481,0,26569812,3
5668,-38.7371382,-72.6023673,0,26570165,3
20218,-38.7317893,-72.6380377,0,26570581,5
5589,-38.7399527,-72.611836,0,26570765,4
5654,-38.7148898,-72.656313,0,26570943,8
5583,-38.7427457,-72.5802025,1,26572281,5
19973,-38.6985638,-72.5467791,0,26572536,4
5569,-38.7164057,-72.6466005,0,26574215,2
5578,-38.711089,-72.5482994,1,26574559,3
5654,-38.7090701,-72.5441932,0,26575109,1
5703,-38.7444787,-72.5862537,1,26575902,2
5668,-38.7112143,-72.5554463,0,26575959,3
19983,-38.711818,-72.6289076,1,26576224,4
5703,-38.7531502,-72.6437189,0,26576461,2
5706,-38.7333478,-72.6021301,1,26576837,2
5582,-38.7375307,-72.5945746,0,26576906,3
5813,-38.7420197,-72.6099633,0,26577822,3
5782,-38.7425089,-72.5952306,0,26580135,3
5592,-38.7159136,-72.6595672,0,26580371,2
5782,-38.7412353,-72.6023784,0,26580711,3
5596,-38.7107788,-72.6622741,0,26580890,2
5575,-38.7162672,-72.647237,1,26581072,8
5583,-38.7321453,-72.6006208,0,26581699,3
20085,-38.7652759,-72.7795539,1,26582318,2
5706,-38.7421601,-72.6284464,1,26582714,4
5590,-38.7572958,-72.6448674,1,26583066,4
5582,-38.7288421,-72.6375524,0,26583814,2
5659,-38.7549324,-72.6550474,0,26584321,3
20218,-38.7528698,-72.629089,0,26584490,5
20288,-38.7409625,-72.5864855,1,26585041,4
11465,-38.7621418,-72.778009,1,26585347,6
5782,-38.7125483,-72.6295998,0,26586521,5
19923,-38.7270216,-72.6210916,1,26592512,3
5714,-38.737662,-72.5939402,1,26595699,3
20288,-38.709405,-72.6665911,1,26596301,1
5596,-38.7575282,-72.6348634,1,26598928,3
19973,-38.713774,-72.6184461,1,26608801,4
5589,-38.7580509,-72.7484433,1,26610760,1
5698,-38.753344,-72.6226301,0,26612433,2
5580,-38.7169757,-72.5531261,0,26613805,3
5597,-38.7237479,-72.5573618,1,26614089,2
5575,-38.683877,-72.5079921,0,26615094,3
5703,-38.7154253,-72.6246135,1,26615252,6
5694,-38.7359406,-72.6053217,0,26620005,3
20288,-38.7553249,-72.6498198,0,26627125,2
5680,-38.6791086,-72.5006763,1,26627389,1
20016,-38.7462158,-72.6043826,1,26630520,6
5722,-38.7135413,-72.6187512,1,26632570,2
20137,-38.7297348,-72.6017516,0,26636807,2
5611,-38.7604885,-72.6523968,1,26639624,5
5582,-38.7597419,-72.6336606,1,26648453,2
20048,-38.7658107,-72.7667658,0,26649564,2
20173,-38.7231241,-72.6321544,0,26650218,4
5582,-38.7343354,-72.5847883,0,26655856,3
5694,-38.7246918,-72.6283237,0,26657900,2
5682,-38.7083145,-72.6366981,0,26668751,5
5714,-38.7597973,-72.6069745,1,26669268,1
5722,-38.7240901,-72.634499,1,26670762,3
20085,-38.755526,-72.6445099,0,26672982,6
20048,-38.7708367,-72.5921852,1,26673084,1
5682,-38.7316852,-72.6132776,1,26673497,4
5670,-38.7516216,-72.6249885,0,26675077,6
5746,-38.744288,-72.6333664,0,26681897,5
5659,-38.759401,-72.6325023,1,26693528,2
5694,-38.7413442,-72.5854231,1,26695754,4
5682,-38.7304024,-72.6400199,0,26697578,4
5703,-38.7135754,-72.6584113,0,26697689,4
5746,-38.7296401,-72.5797101,1,26698749,2
5664,-38.7197544,-72.5579349,1,26699671,3
20096,-38.7370638,-72.6268723,0,26701254,2
5608,-38.7534346,-72.6568361,1,26705979,4
5694,-38.7418845,-72.5725712,1,26709395,3
5813,-38.7303525,-72.5660378,0,26710182,4
5583,-38.7497118,-72.6621992,1,26715789,2
20218,-38.7247229,-72.6207424,1,26716713,2
5597,-38.7423992,-72.6340038,1,26719996,4
5782,-38.7531356,-72.6445326,0,26727039,4
5680,-38.7305069,-72.6079685,0,26727802,5
5680,-38.7340348,-72.6198347,0,26727887,3
5597,-38.6878095,-72.655477,1,26729525,2
5583,-38.7274784,-72.6220472,0,26742805,5
5714,-38.751068,-72.62226,1,26746414,3
20288,-38.7239507,-72.6256015,1,26749467,6
20173,-38.7366386,-72.5916613,1,26756397,4
5713,-38.7380188,-72.6198446,0,26761742,5
5654,-38.7669718,-72.6091377,0,26765220,2
20096,-38.7429632,-72.6149948,0,26767664,4
5694,-38.7485618,-72.6054653,1,26767833,8
5703,-38.6888717,-72.655835,1,26768663,2
20212,-38.7520758,-72.6040358,1,26769205,5
5713,-38.726068,-72.5642298,1,26769372,7
20016,-38.7280526,-72.596899,0,26774340,3
20085,-38.7650145,-72.7713114,0,26778295,7
20048,-38.7392511,-72.598144,0,26778504,2
5746,-38.7059891,-72.5503391,0,26781928,3
5580,-38.7107364,-72.6663726,1,26782033,2
5670,-38.7409805,-72.6081644,0,26783538,2
20173,-38.739234,-72.649448,0,26785056,3
20218,-38.7148989,-72.5485717,0,26791519,2
5682,-38.744108,-72.6141925,1,26791560,3
19923,-38.6957347,-72.5500491,1,26794036,3
5654,-38.7273373,-72.6212648,1,26796087,5
20085,-38.7317081,-72.6226405,0,26802292,3
5714,-38.7355221,-72.5999149,0,26803765,4
5585,-38.7266575,-72.6027395,1,26807311,2
5713,-38.764123,-72.6087661,1,26807817,1
20173,-38.7116016,-72.6280468,1,26810028,2
5682,-38.7159304,-72.6615375,0,26813374,1
5578,-38.70911,-72.5600411,0,26813631,5
5583,-38.7250207,-72.6269008,0,26814026,2
20212,-38.7582138,-72.6204587,1,26814536,5
5694,-38.7194599,-72.6472272,1,26815329,2
20173,-38.7232688,-72.6242829,1,26815782,2
5782,-38.7205982,-72.6348198,1,26817360,7
5604,-38.7503838,-72.6397398,0,26821947,3
5703,-38.7357897,-72.6095252,0,26824278,2
20218,-38.7090456,-72.6567784,1,26824529,3
5682,-38.7196686,-72.5585874,1,26825844,2
19923,-38.7190829,-72.6484984,0,26826357,3
5714,-38.7257685,-72.621872,1,26828011,4
11465,-38.7316622,-72.6011449,1,26829338,2
5592,-38.7366878,-72.6485837,0,26830341,3
20048,-38.7333261,-72.6303916,1,26837113,2
5606,-38.7114185,-72.6599159,1,26837379,3
5746,-38.7529377,-72.6398088,0,26839431,4
5596,-38.7232249,-72.5577033,0,26839748,3
5698,-38.7252148,-72.619811,1,26843907,2
5698,-38.7595409,-72.6526954,1,26844952,2
20016,-38.744556,-72.6144319,1,26846191,6
5722,-38.7184727,-72.6276531,0,26846716,4
19960,-38.6882384,-72.5302248,0,26854629,4
19983,-38.7162867,-72.6359702,1,26855961,3
5664,-38.745936,-72.6272063,0,26856162,3
19923,-38.72007,-72.561547,1,26858107,2
11465,-38.709639,-72.6598571,0,26859078,3
19973,-38.7305199,-72.5988808,0,26859267,4
5722,-38.7148846,-72.621276,1,26859873,3
5668,-38.7176645,-72.5583695,0,26862350,3
5569,-38.7404528,-72.5897538,1,26868421,2
11465,-38.7050023,-72.547079,1,26868751,4
5746,-38.7183514,-72.6217299,1,26870604,2
19960,-38.7385851,-72.5974502,1,26871414,4
20212,-38.7417352,-72.5963114,1,26873057,2
5714,-38.7220368,-72.635282,1,26875245,3
20016,-38.7437394,-72.6193462,1,26876487,3
5682,-38.7379063,-72.6368452,1,26883784,5
5682,-38.7386819,-72.6389028,0,26884569,3
20016,-38.7314417,-72.5625518,1,26888066,3
5569,-38.7412532,-72.5912376,1,26889808,3
5670,-38.7394611,-72.593947,0,26890118,5
20173,-38.7307049,-72.5981468,1,26890392,1
5604,-38.768099,-72.5906126,1,26895303,1
5575,-38.7600314,-72.6374746,1,26898206,2
5608,-38.7229616,-72.6380193,0,26898702,7
5813,-38.6889334,-72.5187289,1,26898950,3
5580,-38.7159224,-72.5521321,1,26902841,1
5713,-38.7468478,-72.6052527,0,26909479,2
19960,-38.7152905,-72.5548681,1,26911989,1
20173,-38.6816156,-72.5037375,0,26912366,5
5668,-38.7358195,-72.6342976,0,26914701,4
5611,-38.734227,-72.630339,1,26917389,2
19983,-38.7297868,-72.6133475,0,26920736,2
5654,-38.7379961,-72.588051,1,26921511,3
5580,-38.7591408,-72.6240458,1,26924466,7
5582,-38.7400469,-72.5879255,0,26925762,3
5590,-38.7239479,-72.6173648,0,26943820,2
5668,-38.743631,-72.5898595,1,26952572,3
5597,-38.7228616,-72.6072921,1,26953418,3
20173,-38.7171505,-72.5496995,0,27075395,2
19983,-38.7351356,-72.5951597,0,27431370,2
20288,-38.7237265,-72.6115063,0,27535759,2
20212,-38.7342053,-72.6257702,0,27629755,4
5578,-38.7697772,-72.765841,0,27635274,1
