5569,-38.7099927,-72.6658995,0,5473,1
5575,-38.7380701,-72.5894956,0,16178,1
5578,-38.7315016,-72.6422786,0,44092,4
5580,-38.757098,-72.6302578,0,53320,4
5582,-38.7305002,-72.6269979,0,62822,3
5583,-38.7216501,-72.6222174,1,92656,5
5585,-38.7162491,-72.6226891,0,106439,2
5588,-38.7398546,-72.6329458,1,109151,4
5589,-38.7605684,-72.6244586,0,109487,5
5590,-38.7300912,-72.5610267,0,118520,2
5592,-38.7093461,-72.5576294,0,123469,3
5596,-38.7355316,-72.6373353,0,135451,2
5597,-38.7414971,-72.5895552,1,148219,2
5601,-38.7161344,-72.626632,1,208136,2
5604,-38.7352426,-72.5774262,0,227621,3
5606,-38.7084875,-72.6228369,1,290000,4
5608,-38.7382123,-72.5911988,0,320418,3
5611,-38.7600361,-72.6287981,1,348270,2
5652,-38.7344562,-72.6481753,0,360716,3
5654,-38.7391032,-72.5881846,1,381320,1
5659,-38.7251195,-72.6267697,0,382086,6
5661,-38.7162641,-72.619511,1,408006,4
5664,-38.7385749,-72.5906908,0,419946,2
5668,-38.7103562,-72.6247899,1,420161,5
5669,-38.729662,-72.6100319,1,428587,2
5675,-38.7389541,-72.5941649,1,430897,2
5680,-38.7707245,-72.595333,0,436296,1
5682,-38.7361925,-72.5934949,0,438337,4
5684,-38.7527827,-72.6437107,0,455277,3
5686,-38.7435084,-72.5819975,0,456973,3
5693,-38.7621707,-72.6262899,1,458507,2
5694,-38.7392212,-72.57625,1,518811,3
5697,-38.7674775,-72.5982724,1,594317,3
5698,-38.7153372,-72.6565547,0,632249,2
5703,-38.7396114,-72.5926403,1,641805,2
5706,-38.7105177,-72.6630105,1,688411,4
5709,-38.7177027,-72.5502754,0,742621,3
5713,-38.7526198,-72.6041359,1,760970,6
5714,-38.7618735,-72.7403299,1,766045,2
5717,-38.7390231,-72.5929253,0,769647,4
5722,-38.7413837,-72.6235205,0,772050,3
5726,-38.7258671,-72.5598161,1,839157,5
5746,-38.7383494,-72.5906261,0,854680,2
5782,-38.739066,-72.589473,1,859359,2
5813,-38.7365758,-72.5851342,1,865806,3
5814,-38.7397083,-72.6134653,0,940495,3
5816,-38.7421988,-72.6164188,0,980011,3
11465,-38.7402202,-72.5888909,0,996209,6
19923,-38.7297758,-72.6253225,0,1153277,2
19944,-38.7187371,-72.6200951,1,1184309,4
19981,-38.7402096,-72.591029,1,1228314,4
19983,-38.7289795,-72.6131297,0,1253641,3
20016,-38.723246,-72.6204423,0,1261256,3
20048,-38.7633585,-72.5951512,1,1291329,3
20085,-38.7357536,-72.5889921,0,1312652,2
20096,-38.7226985,-72.5618512,1,1322515,3
20100,-38.715596,-72.6561118,1,1406192,3
20129,-38.7289575,-72.6204572,0,1426206,3
20137,-38.7386808,-72.5987232,1,1430991,3
20140,-38.7117297,-72.6572883,0,1433775,2
20173,-38.7060735,-72.5404612,1,1477760,4
20181,-38.7184402,-72.5518554,0,1536472,3
20212,-38.7238382,-72.6133588,1,1542178,3
20218,-38.7410499,-72.5771403,1,1548754,3
5589,-38.721967,-72.5563228,0,1588713,1
5706,-38.7728451,-72.5750807,1,1645632,2
5746,-38.7000769,-72.5477226,0,1650906,2
5680,-38.7429341,-72.6133932,0,1652253,3
5714,-38.7111396,-72.5567274,0,1660781,6
20181,-38.7391253,-72.59117,0,1664375,4
5669,-38.7396578,-72.5931668,0,1677162,3
20085,-38.712591,-72.6669946,0,1763161,5
5583,-38.740448,-72.5927184,0,1781546,2
5604,-38.7343376,-72.61018,0,1854434,4
20096,-38.7114088,-72.6222184,0,1872737,2
19923,-38.7349398,-72.6285713,0,1932511,4
5580,-38.7403538,-72.5931317,1,1946932,1
5659,-38.7244808,-72.63318,1,1987092,5
5583,-38.7548478,-72.6302416,0,2031565,3
5717,-38.7385285,-72.5904336,0,2034191,10
19983,-38.7254708,-72.6083913,0,2056064,2
20048,-38.7053218,-72.5381682,0,2105946,4
5717,-38.7748389,-72.5921569,0,2171170,2
5604,-38.7679561,-72.6030815,0,2201770,1
5611,-38.732726,-72.5711268,0,2207554,3
19923,-38.7088153,-72.5508556,0,2305195,3
5694,-38.7207159,-72.6061581,1,2371071,4
5578,-38.7398484,-72.5897615,0,2372124,4
5590,-38.7101345,-72.6226209,1,2396207,2
5652,-38.7375756,-72.5930566,1,2402208,2
5583,-38.7195126,-72.6220045,1,2407167,3
5580,-38.7338006,-72.5790996,1,2410721,4
5746,-38.7261876,-72.5661438,0,2444619,3
5659,-38.7669574,-72.7679801,0,2451019,2
20100,-38.7393217,-72.5903978,0,2461760,2
5578,-38.7737963,-72.7732462,0,2470262,1
5578,-38.7141472,-72.6267135,1,2512468,6
5706,-38.7185086,-72.565634,0,2514120,2
5604,-38.7072228,-72.5488671,1,2527321,4
5592,-38.75492,-72.6646856,0,2543309,3
5694,-38.7628374,-72.7466536,1,2562578,1
5604,-38.7399571,-72.5878197,1,2595971,3
5569,-38.7387602,-72.5901018,0,2633920,3
5703,-38.7339495,-72.6446066,0,2643428,2
5668,-38.7237934,-72.6174785,0,2665082,3
5583,-38.7506486,-72.6388097,0,2705813,5
5592,-38.7393773,-72.5980802,1,2724451,4
11465,-38.7403361,-72.591504,0,2745056,2
5694,-38.7401563,-72.591729,1,2762812,1
19923,-38.7187024,-72.616579,0,2767688,3
20137,-38.7471012,-72.5904475,0,2776237,6
5813,-38.7706873,-72.5815459,0,2864763,4
5569,-38.7326482,-72.6497061,0,2926070,3
20181,-38.7640469,-72.7728737,0,3129628,1
5714,-38.737248,-72.587588,0,3136432,7
5589,-38.7407857,-72.5925076,1,3154040,2
5575,-38.7498522,-72.6056817,0,3232660,4
5654,-38.7145363,-72.5480271,0,3270737,3
20129,-38.7389332,-72.5918116,0,3290010,6
5585,-38.7710481,-72.59699,0,3304559,1
5684,-38.7439875,-72.5799794,0,3318659,3
20173,-38.7209036,-72.6233627,1,3329276,3
5694,-38.7330629,-72.6220548,0,3340658,2
5746,-38.7387717,-72.5888738,0,3392425,3
5588,-38.7388847,-72.5885759,0,3410130,3
5726,-38.7425698,-72.6015661,0,3415843,5
20181,-38.7586771,-72.6474667,1,3443017,2
20096,-38.7408618,-72.5903817,0,3461555,3
20085,-38.7276219,-72.6132213,1,3514811,3
5582,-38.7418076,-72.5927537,1,3546757,6
5813,-38.7125501,-72.6278232,0,3609503,3
20085,-38.7512986,-72.6138822,1,3622845,3
5590,-38.734446,-72.6093394,0,3635401,4
5664,-38.7448912,-72.581929,0,3704972,5
5652,-38.7408581,-72.593082,1,3718073,2
5611,-38.7589459,-72.7423949,1,3742060,7
5604,-38.724435,-72.5553147,1,3759879,4
5590,-38.7583484,-72.6582443,1,3790190,3
20212,-38.7409559,-72.5933445,0,3864841,6
5611,-38.7188164,-72.5553216,0,3870567,2
5680,-38.7187844,-72.6229702,1,3876269,2
5813,-38.7103764,-72.6579744,1,3894978,4
5714,-38.7407507,-72.5907567,0,3899338,2
5722,-38.7301998,-72.6098555,0,3918702,2
20096,-38.7197004,-72.6115435,1,3949202,3
5597,-38.7401114,-72.5917753,0,3977778,2
5813,-38.7442384,-72.6008779,0,3985551,4
5604,-38.7601308,-72.7429923,0,4024778,2
5582,-38.7419433,-72.5752467,0,4038945,4
5709,-38.7407019,-72.5907023,0,4051685,5
20140,-38.7173516,-72.6535943,0,4102036,4
5590,-38.7047995,-72.651584,1,4125701,3
5682,-38.7552922,-72.62112,1,4171179,3
5680,-38.7096782,-72.6625196,0,4215141,2
5589,-38.6942547,-72.5290758,0,4303678,2
11465,-38.7613409,-72.652411,1,4326083,3
5580,-38.7381667,-72.5872413,1,4326257,4
5680,-38.7362788,-72.6250082,0,4338332,3
5654,-38.7699505,-72.5855156,1,4350799,2
19944,-38.7400685,-72.5909439,0,4357497,2
5746,-38.7275388,-72.603086,1,4357540,3
5575,-38.7565466,-72.5974161,0,4387252,7
5782,-38.7163404,-72.6257371,0,4410091,3
20181,-38.7114999,-72.6244045,1,4411769,2
20173,-38.7162086,-72.640273,1,4429751,3
5703,-38.7386678,-72.6278825,0,4441380,6
5592,-38.7332722,-72.6028772,1,4464515,2
20212,-38.7362696,-72.6057116,1,4482564,3
5706,-38.6911537,-72.5189577,1,4486493,4
5582,-38.7112434,-72.5474423,0,4516173,6
5659,-38.7424567,-72.6227855,0,4591905,7
5726,-38.7383863,-72.6267709,0,4599034,4
5661,-38.7394821,-72.5900024,0,4653139,9
5703,-38.7163816,-72.5632769,1,4658301,2
5709,-38.7588257,-72.6481335,0,4666685,6
5682,-38.7302061,-72.6264742,1,4758014,5
5590,-38.7348632,-72.6097273,1,4767338,1
5578,-38.6858267,-72.5332539,0,4865942,3
5588,-38.7389269,-72.5879826,0,5019197,4
20048,-38.7062327,-72.5409824,1,5059174,2
5697,-38.7311811,-72.5712804,0,5068834,1
5669,-38.7121486,-72.6295597,1,5087161,2
19944,-38.7335957,-72.5807659,1,5096614,1
5697,-38.7187699,-72.5717898,1,5097255,2
5608,-38.7103579,-72.5461458,0,5116069,3
5578,-38.7547638,-72.6466493,0,5212723,9
20140,-38.7401614,-72.5916808,0,5322936,4
20218,-38.7741094,-72.5973809,0,5342316,2
5714,-38.7098569,-72.6262278,1,5358564,2
20129,-38.740338,-72.5911529,0,5365920,3
20212,-38.7200874,-72.5512127,1,5386569,4
20181,-38.761855,-72.6325064,1,5409893,2
5578,-38.7559363,-72.6323238,1,5458201,1
5698,-38.7400387,-72.5933426,0,5469545,2
5682,-38.7520869,-72.6363794,0,5488481,3
5652,-38.6990461,-72.5467449,0,5528037,2
5592,-38.7413536,-72.5921153,1,5528573,1
5597,-38.7088929,-72.5461021,0,5529432,3
20212,-38.7605133,-72.5914651,0,5532134,3
5726,-38.709022,-72.6525064,1,5548548,2
5652,-38.7673077,-72.5974824,0,5581706,1
5654,-38.7748698,-72.5978483,0,5587803,1
5713,-38.7406552,-72.5910126,0,5596178,2
5604,-38.712612,-72.6582563,0,5620146,2
5569,-38.7429033,-72.6389931,0,5678044,2
5608,-38.7377439,-72.6469724,0,5692609,5
19923,-38.7169537,-72.6149363,1,5707510,6
5654,-38.7182654,-72.6499453,1,5774596,2
5693,-38.7091872,-72.5596492,0,5804431,2
5654,-38.7674762,-72.585958,1,5806865,1
5592,-38.7400417,-72.5920825,0,5828287,2
5722,-38.7332595,-72.579632,0,5870750,2
5698,-38.7383121,-72.5950111,0,5886085,4
5686,-38.7572313,-72.6284578,1,5957331,3
20100,-38.7416927,-72.5907694,0,6055665,5
5698,-38.7378044,-72.5955215,0,6070559,5
5590,-38.7413574,-72.5898917,0,6130849,1
5714,-38.7394238,-72.5884553,1,6131707,5
5585,-38.7140963,-72.6544205,0,6135201,3
5583,-38.7380567,-72.5920728,0,6146841,4
5698,-38.7402245,-72.5940753,0,6164258,1
20212,-38.7084384,-72.6583872,0,6194351,2
5726,-38.7151227,-72.5611281,1,6195120,3
5722,-38.7317455,-72.5817252,0,6207177,3
5703,-38.7156969,-72.6551552,0,6211519,1
5714,-38.7065713,-72.5364137,0,6216404,2
5668,-38.7457031,-72.6077945,0,6269657,2
5675,-38.7358074,-72.5987791,0,6298090,5
20129,-38.7153304,-72.6311702,1,6342673,6
5714,-38.7304302,-72.619593,0,6343818,6
5596,-38.7205556,-72.6107307,1,6377136,2
5694,-38.7228641,-72.5608162,0,6466704,2
5694,-38.7385292,-72.5890376,0,6497191,2
5569,-38.7696028,-72.5784192,1,6504603,2
5680,-38.7136396,-72.6339124,1,6516395,4
5714,-38.7391755,-72.58969,0,6536320,2
5608,-38.7216685,-72.6160253,1,6541647,2
20212,-38.7534272,-72.6133608,1,6545745,3
5652,-38.7253858,-72.6192348,0,6575717,2
5597,-38.7320939,-72.6115347,0,6577029,4
20140,-38.770021,-72.5915218,0,6598801,3
5578,-38.7391757,-72.6489469,0,6610602,3
5664,-38.7044561,-72.5385111,1,6628753,5
19944,-38.7532756,-72.6527473,0,6667286,6
20100,-38.7366389,-72.590891,1,6685919,3
5578,-38.7689591,-72.5872021,0,6719308,1
5813,-38.7151105,-72.5523788,1,6790685,3
5713,-38.709229,-72.6595788,0,6815936,5
5813,-38.7327808,-72.6071465,0,6834494,2
5668,-38.7264507,-72.5698142,0,6876045,3
5703,-38.7072219,-72.6626105,1,6956145,2
20100,-38.7391774,-72.6378744,1,6962290,3
5717,-38.7396652,-72.5891395,1,6981977,2
5684,-38.7412063,-72.6203548,0,6996096,5
5697,-38.7263948,-72.618476,1,7009174,4
5652,-38.7447346,-72.611152,1,7049951,2
20048,-38.6885931,-72.5186519,1,7089503,6
5709,-38.7388751,-72.5914316,1,7092000,1
5713,-38.7286588,-72.6386825,0,7113222,3
5569,-38.743388,-72.6494102,0,7154963,3
5684,-38.7659421,-72.6031039,0,7157575,2
5703,-38.7157638,-72.559704,0,7161932,3
20181,-38.7200737,-72.6168639,0,7190561,2
5582,-38.7407444,-72.587386,0,7267044,4
5686,-38.7380132,-72.5862924,0,7288204,5
5652,-38.7171376,-72.6195926,1,7318353,2
5703,-38.7527063,-72.6521006,0,7357541,2
5698,-38.7370315,-72.5832697,1,7359440,1
5669,-38.7056029,-72.5453433,1,7382842,5
20016,-38.7690198,-72.5990445,1,7383675,1
11465,-38.7294476,-72.571833,0,7394213,3
5592,-38.74154,-72.5910472,0,7420106,1
5669,-38.7340038,-72.59541,1,7420630,3
20100,-38.7122574,-72.550748,1,7428322,1
5782,-38.7385533,-72.6029612,0,7435418,7
5682,-38.7600675,-72.645238,0,7444799,3
5682,-38.7654431,-72.6063727,1,7480836,2
20100,-38.7130574,-72.6588423,1,7483317,3
5601,-38.7188782,-72.6107497,1,7516991,3
5713,-38.7346326,-72.5706972,1,7565480,2
5583,-38.7578521,-72.6404157,1,7571217,3
5580,-38.730679,-72.5986356,1,7579550,4
20140,-38.7398825,-72.5876711,1,7584318,8
5693,-38.7627961,-72.6540175,0,7598284,4
5813,-38.7307282,-72.5631882,0,7622286,3
5580,-38.7175208,-72.6245101,1,7684173,2
5713,-38.758555,-72.6403899,1,7690185,2
5698,-38.7602523,-72.6332915,1,7691058,4
5583,-38.73722,-72.6011646,1,7715501,1
5608,-38.7701669,-72.5800002,0,7725415,3
20212,-38.7426686,-72.5828303,1,7729528,2
5611,-38.7136086,-72.5500831,1,7760471,6
20212,-38.728247,-72.6221509,1,7795636,4
5722,-38.7119753,-72.5446511,1,7836461,2
5813,-38.73192,-72.6184336,0,7836753,3
5709,-38.7552488,-72.6587081,0,7841753,6
20096,-38.7394112,-72.5933871,1,7867510,2
5589,-38.7282875,-72.6180121,1,7902960,1
19983,-38.7297187,-72.6074452,0,7912171,4
20096,-38.7389243,-72.5893889,0,7917890,4
5590,-38.6970726,-72.6569639,0,7978693,1
5714,-38.7288102,-72.617437,1,7993192,4
5589,-38.7432883,-72.6141726,1,8004224,3
20100,-38.690196,-72.520953,0,8034600,2
5582,-38.7381658,-72.6235614,0,8069827,4
5706,-38.7415232,-72.5883879,0,8081714,8
5654,-38.7695241,-72.5891445,0,8131096,3
20218,-38.7589881,-72.7574063,1,8158826,1
5604,-38.7408789,-72.5926993,0,8169463,5
5608,-38.7557905,-72.6130851,1,8209321,4
5588,-38.7396541,-72.5901159,1,8288861,3
20016,-38.739122,-72.597552,0,8325518,3
20137,-38.7672225,-72.6748776,0,8335248,2
5813,-38.7122274,-72.661357,0,8354872,3
5680,-38.7360327,-72.5878452,0,8376655,3
20173,-38.7050092,-72.5418783,1,8377492,3
5686,-38.7107628,-72.5458689,0,8411299,4
5694,-38.7049218,-72.5415548,0,8428316,2
5585,-38.721883,-72.6045164,0,8475169,2
5668,-38.7402374,-72.591634,0,8488487,2
20181,-38.7218042,-72.6077438,1,8512750,2
5717,-38.7234409,-72.6202137,1,8517418,3
5686,-38.7547978,-72.651571,0,8572970,2
5601,-38.7383584,-72.5911189,1,8576256,3
5588,-38.7404246,-72.5878859,1,8588385,3
5582,-38.7697368,-72.6002107,1,8604029,1
5596,-38.7426148,-72.6018682,1,8617772,5
20085,-38.7665331,-72.7598176,0,8681737,2
5582,-38.7555382,-72.6452433,0,8682191,6
20085,-38.7222892,-72.605478,1,8688695,4
5590,-38.7717887,-72.5957575,1,8742397,1
5569,-38.7431861,-72.5888789,1,8766361,2
5589,-38.7081979,-72.5422828,1,8768067,1
5611,-38.7322987,-72.6143866,0,8831782,3
5675,-38.7108979,-72.6598487,1,8837582,3
5601,-38.7658992,-72.7623139,1,8879180,2
5583,-38.727787,-72.5704747,0,8890935,4
5714,-38.7567161,-72.6242066,1,8892789,2
5585,-38.7566023,-72.5975616,0,8911987,1
5590,-38.7447471,-72.5832925,0,8966646,4
19983,-38.7702556,-72.6017765,1,9013355,1
19983,-38.7746395,-72.5983611,1,9132418,2
5714,-38.7162199,-72.5630586,0,9157615,4
5569,-38.7213296,-72.5630029,0,9167063,1
5569,-38.7339463,-72.607222,0,9169083,3
20048,-38.7414522,-72.5863169,0,9199193,3
5813,-38.7346095,-72.5953493,0,9203449,3
20096,-38.7535493,-72.6345764,1,9224516,4
5782,-38.7609619,-72.6260143,0,9226850,7
5654,-38.7265195,-72.5741885,0,9226876,3
19923,-38.7384767,-72.5924446,0,9238223,3
20181,-38.7143397,-72.5486919,0,9313586,2
20096,-38.7291044,-72.5552055,1,9317199,2
5661,-38.7358205,-72.5700732,0,9371610,5
5709,-38.7328029,-72.5818989,1,9376698,4
5709,-38.7411958,-72.5758127,0,9379155,4
5717,-38.7389303,-72.6012433,1,9401248,3
5596,-38.7114226,-72.6616389,0,9458121,3
20173,-38.7254109,-72.603258,1,9478719,2
5664,-38.7112893,-72.626248,1,9502555,3
5608,-38.7429467,-72.5858733,1,9514560,3
20100,-38.7514492,-72.6359204,0,9566750,2
5714,-38.7420712,-72.590743,0,9568085,2
5782,-38.7587447,-72.6245012,0,9581182,2
5592,-38.716523,-72.553665,1,9621672,3
5680,-38.7006806,-72.5384512,0,9703196,4
5675,-38.7697697,-72.5944371,0,9718985,4
20181,-38.7379479,-72.5999392,1,9743318,6
5654,-38.724899,-72.6072835,1,9768540,8
5582,-38.7422776,-72.6101536,0,9772651,2
19944,-38.7544218,-72.6159154,1,9777896,2
20140,-38.7384843,-72.5916046,1,9800480,4
5726,-38.7202277,-72.6162618,0,9852683,3
5697,-38.7392954,-72.5903055,1,9857033,2
5682,-38.7308897,-72.6174668,0,9879021,3
5601,-38.7412573,-72.5930301,1,9890098,3
20100,-38.7351866,-72.5934625,0,9928095,3
5714,-38.7253402,-72.6362499,1,9950056,3
5717,-38.7047223,-72.5374839,1,9960521,3
5675,-38.747511,-72.5815262,1,10001392,3
5713,-38.7561904,-72.6224776,0,10031462,4
5668,-38.7424367,-72.5870013,1,10048201,3
5664,-38.7498335,-72.6296407,1,10068457,4
20218,-38.7306053,-72.6149463,0,10084286,5
5606,-38.735256,-72.6220656,1,10091737,10
5813,-38.760877,-72.6323357,0,10113542,3
5782,-38.7281065,-72.626703,0,10127037,3
19923,-38.7699925,-72.5974744,0,10200928,3
20085,-38.7391949,-72.5922247,1,10234844,1
5703,-38.7577805,-72.744316,0,10236846,1
5684,-38.7165881,-72.6255913,1,10253507,4
20085,-38.7621875,-72.747402,0,10364856,1
5588,-38.7418,-72.5917252,1,10374314,3
5592,-38.6863708,-72.654319,1,10378188,2
20212,-38.7345275,-72.6189262,0,10378486,3
5578,-38.7373215,-72.5781845,1,10380955,3
19983,-38.7173724,-72.5695071,0,10385996,6
19944,-38.7514317,-72.6362166,0,10396100,4
5713,-38.7701567,-72.7606173,0,10405787,1
19983,-38.7281474,-72.600866,0,10415211,3
20137,-38.7195316,-72.6132313,0,10427776,2
19983,-38.7385083,-72.6262331,1,10466520,3
5608,-38.7116748,-72.5499057,1,10473811,4
5686,-38.7234958,-72.6180513,1,10497536,3
5782,-38.7233569,-72.6231056,0,10520002,3
5713,-38.7386422,-72.5903196,1,10531356,2
5726,-38.738279,-72.5824093,1,10562501,3
5693,-38.737611,-72.6018393,0,10580621,2
5583,-38.7310603,-72.5643035,1,10822804,1
5664,-38.7543075,-72.6383679,1,10832677,2
20212,-38.7099694,-72.6639524,1,10896097,5
20218,-38.7533932,-72.6161295,0,10912757,5
20085,-38.7141697,-72.6537812,0,10953850,4
19944,-38.739447,-72.5896265,0,11000411,2
20016,-38.7606634,-72.6285055,1,11004930,1
19944,-38.7394078,-72.6262068,0,11023362,6
5652,-38.7195217,-72.6141241,0,11128530,2
19983,-38.7586666,-72.6334684,1,11136697,3
19983,-38.7261664,-72.606675,0,11166745,4
5713,-38.76747,-72.5901984,1,11168005,2
20173,-38.7602492,-72.6309664,1,11173591,2
5709,-38.733867,-72.5700783,0,11176576,2
5697,-38.7329102,-72.6272077,0,11177677,2
5726,-38.7406982,-72.5924778,0,11204053,3
20085,-38.7375177,-72.5967679,1,11207483,4
5569,-38.7487552,-72.6100118,1,11211463,8
20173,-38.7293342,-72.6009863,0,11230515,6
5608,-38.6883953,-72.5200398,0,11263981,4
5680,-38.7205201,-72.6233582,1,11326640,3
5680,-38.6896073,-72.6554091,0,11339425,1
5582,-38.7673365,-72.5949345,1,11379343,1
5606,-38.7417347,-72.5808734,0,11386360,3
5782,-38.7350579,-72.5676547,1,11397883,3
5713,-38.7082986,-72.6626442,0,11432159,4
5697,-38.727249,-72.5540391,1,11459883,3
19944,-38.6944448,-72.5278386,1,11474456,3
5588,-38.7254933,-72.6170906,1,11553602,5
5706,-38.7402249,-72.5774496,0,11556353,2
20048,-38.7296754,-72.6200497,0,11695905,4
5575,-38.7411192,-72.5923422,1,11699256,3
20100,-38.755403,-72.6413836,0,11717857,5
11465,-38.7413858,-72.593232,1,11758384,2
5684,-38.7388145,-72.5883591,0,11795090,3
20048,-38.728563,-72.6163244,0,11815721,6
5604,-38.7768357,-72.593892,0,11819496,2
5664,-38.7287887,-72.6182836,0,11837352,4
20085,-38.7084235,-72.5496304,0,11863152,4
5706,-38.7189509,-72.5537768,0,11939959,2
5693,-38.7095187,-72.5550218,0,11946080,3
5782,-38.7223589,-72.6189109,0,11976389,1
5569,-38.7340014,-72.6145819,0,12052256,2
5582,-38.7305731,-72.5687954,0,12121834,6
5590,-38.7449954,-72.5843491,0,12153518,3
5652,-38.7189829,-72.6177633,1,12173987,7
5746,-38.7423987,-72.5807031,0,12195458,3
19944,-38.7454285,-72.62274,0,12220969,6
5713,-38.7395581,-72.5917661,0,12253727,1
5611,-38.758923,-72.6490231,0,12275942,2
5746,-38.7106097,-72.6618542,0,12349599,5
5654,-38.732434,-72.5758902,1,12377298,3
5693,-38.7305357,-72.6191812,0,12428691,2
5668,-38.7230121,-72.6218907,0,12430733,6
5611,-38.6906648,-72.6553547,0,12526234,3
20048,-38.7233857,-72.6322252,0,12555281,3
19944,-38.7254968,-72.5543648,0,12599184,3
5682,-38.7514228,-72.6206779,0,12630022,3
5604,-38.7361109,-72.6157513,0,12670336,3
5659,-38.7525185,-72.6592013,0,12680111,4
5611,-38.7140398,-72.6615637,0,12803161,4
5611,-38.737117,-72.5905091,0,12804394,2
5713,-38.767004,-72.6089398,1,12815025,1
20181,-38.7377788,-72.5994779,1,12849547,2
5668,-38.7396767,-72.5884716,0,12878239,6
5578,-38.741927,-72.5889485,0,12892891,5
5706,-38.7396836,-72.5919418,0,12932790,6
20100,-38.7500921,-72.6418766,0,12988140,5
11465,-38.7432104,-72.5885671,0,13047737,1
5714,-38.7486155,-72.5802018,1,13087120,2
5582,-38.7368729,-72.600995,0,13103802,1
5611,-38.7353719,-72.5669576,0,13105141,4
5703,-38.7561569,-72.6508818,0,13139643,4
20181,-38.7274701,-72.6033082,0,13156690,4
5578,-38.7095721,-72.6587865,1,13172621,3
19944,-38.7407597,-72.5899221,0,13269400,5
5684,-38.7335998,-72.6181447,0,13314704,4
5590,-38.7192709,-72.6115093,0,13343160,6
5782,-38.7266194,-72.6197226,0,13352531,4
20016,-38.7485202,-72.5846125,1,13396092,2
11465,-38.7108554,-72.6257785,1,13417196,4
5664,-38.7168747,-72.6289767,1,13462360,6
5582,-38.7276472,-72.6055236,1,13486981,3
5693,-38.7170646,-72.5633986,1,13519871,3
11465,-38.7401149,-72.5921678,0,13592830,1
20096,-38.709175,-72.5457623,0,13599348,2
19944,-38.7406985,-72.5916355,0,13626260,6
11465,-38.7624164,-72.7616873,1,13638742,2
5606,-38.7370302,-72.5931641,0,13647242,2
5580,-38.7081003,-72.6236783,1,13755761,2
5601,-38.7183721,-72.6154895,1,13762144,3
5601,-38.7408677,-72.5906618,1,13772127,5
20100,-38.7262926,-72.5574028,0,13786300,2
5588,-38.7382204,-72.5920186,0,13797436,3
5717,-38.7594519,-72.6415725,1,13801287,2
20096,-38.7555008,-72.6347826,0,13853690,4
5659,-38.7190655,-72.5655194,1,13950934,3
20173,-38.7377173,-72.5958756,0,13994766,2
5726,-38.7613367,-72.6530565,0,14010202,2
5686,-38.7207562,-72.6225719,0,14072168,5
19923,-38.7231408,-72.5588196,0,14091713,5
5659,-38.7367822,-72.6054046,0,14115078,5
20048,-38.730873,-72.5954419,0,14118721,2
5694,-38.7065064,-72.6219699,0,14118757,6
5717,-38.7376134,-72.5918814,0,14121126,7
5675,-38.7156072,-72.6506923,0,14131790,3
5589,-38.7112008,-72.6409977,0,14150123,4
5589,-38.7407445,-72.5928291,0,14215323,3
20048,-38.7545799,-72.653316,0,14241756,3
20048,-38.7392541,-72.5921872,1,14261895,1
5604,-38.7172067,-72.5568104,1,14280211,3
20085,-38.7548666,-72.6254078,0,14314031,3
5582,-38.7436522,-72.6314422,0,14328853,4
5664,-38.7560825,-72.6444242,0,14338633,3
19944,-38.7391594,-72.5904704,1,14346302,4
5604,-38.7405613,-72.5901728,0,14356067,4
5813,-38.771076,-72.5828689,1,14429325,2
5582,-38.7383999,-72.5918854,0,14520475,2
19923,-38.7205452,-72.6173572,0,14538473,10
20173,-38.7548586,-72.6171339,1,14544282,2
5585,-38.724657,-72.6049518,1,14553634,4
5611,-38.7421634,-72.5757185,1,14571171,2
19944,-38.737112,-72.6173507,0,14592000,4
5601,-38.7563108,-72.6452941,0,14595681,4
5686,-38.7398668,-72.5932034,1,14609245,6
5604,-38.7721201,-72.5802773,0,14658369,1
11465,-38.7393808,-72.5902628,0,14728707,1
19923,-38.7397355,-72.5918098,1,14741178,4
5703,-38.7562715,-72.6528154,0,14753137,4
5661,-38.7238969,-72.6243169,0,14782504,3
19944,-38.7495411,-72.6186012,0,14782930,4
5604,-38.7350717,-72.5825967,0,14784141,2
5706,-38.769889,-72.6003748,1,14793920,1
5714,-38.7285852,-72.6162107,0,14796737,6
5686,-38.7659639,-72.5963739,0,14809416,2
19944,-38.709644,-72.5549661,0,14874617,3
5698,-38.750832,-72.6062486,1,14886324,8
20173,-38.7358088,-72.5697154,1,14914414,1
5608,-38.7654306,-72.5920673,0,14934348,1
5659,-38.7648129,-72.673449,1,15122580,2
5597,-38.7412399,-72.5900026,1,15123282,2
5684,-38.7526921,-72.6393429,1,15194593,4
5713,-38.7566448,-72.6058377,0,15197760,2
5706,-38.738974,-72.5934364,0,15217026,5
5682,-38.7162509,-72.634914,0,15233576,4
5664,-38.7559205,-72.6191577,1,15236923,4
20137,-38.7563667,-72.6311277,0,15280855,2
5706,-38.7113764,-72.6612083,0,15289337,4
20048,-38.7115719,-72.6466204,1,15299247,3
5682,-38.7410936,-72.5922869,0,15349172,4
5703,-38.7392056,-72.5888945,1,15360230,6
5726,-38.7401098,-72.5915718,1,15388358,2
5601,-38.7358082,-72.5885984,0,15400051,3
5601,-38.7182844,-72.6268398,0,15428300,2
20085,-38.7107809,-72.6626555,0,15447815,3
20048,-38.738173,-72.5900628,0,15474256,2
5611,-38.743842,-72.5972812,1,15502468,2
5684,-38.7112708,-72.6536857,1,15502512,7
5575,-38.7401626,-72.594228,0,15528522,3
5703,-38.7513789,-72.6196461,0,15529630,1
5606,-38.7302345,-72.6437036,0,15532129,4
5596,-38.7258082,-72.6187636,1,15538173,2
5813,-38.7104658,-72.6221757,1,15544542,2
20181,-38.719687,-72.6276066,1,15676831,2
20096,-38.740196,-72.5918293,1,15689039,3
11465,-38.7471418,-72.6317934,1,15694349,3
5652,-38.718033,-72.5554157,1,15698914,7
5578,-38.7244106,-72.6169239,0,15700945,5
20048,-38.7308336,-72.5538915,1,15754087,5
5608,-38.7618541,-72.630436,1,15777683,4
5661,-38.7446918,-72.6397484,0,15823788,2
20048,-38.7144443,-72.6600811,0,15833148,2
5726,-38.7351088,-72.5803528,0,15853118,7
5596,-38.7587152,-72.630803,1,15918190,3
20085,-38.735478,-72.5798442,1,15918918,3
5589,-38.7069603,-72.5409351,1,15926570,2
20100,-38.7178503,-72.5674087,0,15953119,4
5588,-38.7401957,-72.6286619,0,15964161,6
5668,-38.7241915,-72.5692746,1,16049979,2
20181,-38.7196661,-72.6210308,1,16091074,2
5604,-38.7579774,-72.6294852,1,16099749,2
5813,-38.7099772,-72.549221,1,16110260,2
5661,-38.7307082,-72.5678044,0,16201336,4
20218,-38.7496759,-72.6311355,0,16208037,1
20048,-38.7110914,-72.6523776,0,16237852,2
5580,-38.7411681,-72.5945521,0,16240235,4
20048,-38.7387333,-72.5856146,0,16247445,3
19923,-38.7168166,-72.6161746,0,16268101,3
20100,-38.7420782,-72.6284944,0,16268348,3
5604,-38.7234402,-72.6205225,0,16270144,3
20016,-38.7792039,-72.5891359,1,16286051,1
5694,-38.7145345,-72.6477267,0,16307058,7
19923,-38.7403405,-72.5909602,1,16345655,1
5589,-38.7197081,-72.626448,0,16384190,3
5664,-38.7397435,-72.5935565,1,16400744,3
5686,-38.7103954,-72.5479569,1,16401993,2
5668,-38.7216014,-72.6275169,0,16412148,2
20100,-38.7342761,-72.5878957,0,16443618,7
5589,-38.7363001,-72.566686,1,16447242,1
5661,-38.7109755,-72.6614469,0,16474026,4
11465,-38.7403111,-72.5938384,1,16481664,3
5588,-38.727047,-72.5815044,0,16486561,3
20096,-38.7400256,-72.5914024,0,16552183,3
5590,-38.6989072,-72.5464467,0,16569085,2
5585,-38.7619436,-72.6494546,1,16633420,2
20085,-38.7593129,-72.6492649,0,16638425,4
5746,-38.7671626,-72.599577,0,16666508,2
5813,-38.733121,-72.5675868,1,16828803,3
5713,-38.7107151,-72.624081,1,16894493,4
5684,-38.6920503,-72.526454,1,16926160,3
5585,-38.7126091,-72.6250578,1,16989848,2
5694,-38.7378278,-72.6267843,0,16999970,2
20173,-38.712774,-72.6197316,1,17003127,4
20137,-38.7413555,-72.588553,1,17020740,1
5668,-38.7177498,-72.6105098,1,17023012,1
5601,-38.7413413,-72.5934751,1,17030308,2
5726,-38.7417626,-72.6004645,0,17033705,4
5578,-38.7351163,-72.591685,0,17059795,3
5664,-38.6922374,-72.5243098,0,17084645,3
5597,-38.7131185,-72.5467781,0,17112695,4
5578,-38.7182068,-72.6132792,1,17139178,3
5604,-38.7205061,-72.6071595,0,17145320,3
5590,-38.7101137,-72.658708,0,17176187,5
19923,-38.7146455,-72.6600894,0,17199118,3
19923,-38.7378398,-72.6278195,0,17200322,3
5589,-38.7345054,-72.5938755,0,17215836,6
5575,-38.7243921,-72.6069951,1,17252600,5
5706,-38.7543906,-72.654279,0,17265745,2
5578,-38.7568979,-72.6158976,1,17280393,2
5604,-38.7564059,-72.6318326,0,17303597,3
20173,-38.7381422,-72.5882964,0,17388730,3
5713,-38.7371462,-72.6243809,1,17410362,5
5654,-38.7388166,-72.5899255,0,17448156,4
5713,-38.7607332,-72.6331606,1,17479519,2
5686,-38.7539353,-72.6339274,0,17549864,9
5608,-38.7384626,-72.5875544,0,17603981,2
5813,-38.7176555,-72.6213627,0,17616950,2
5597,-38.7099402,-72.6518723,1,17646382,3
5686,-38.7603988,-72.6246254,1,17656526,3
20100,-38.7434168,-72.5965005,1,17671868,5
5661,-38.7401732,-72.6002411,0,17698084,4
20016,-38.7139354,-72.5490528,0,17723699,3
11465,-38.7617867,-72.7706163,0,17781020,3
5597,-38.7377725,-72.5707055,1,17787621,4
5675,-38.7404852,-72.5891104,1,17811609,2
5588,-38.7496138,-72.6433265,1,17816456,3
5813,-38.7381904,-72.5909691,1,17837292,2
5596,-38.71127,-72.6223623,0,17842270,4
5654,-38.7550273,-72.6192493,0,17875648,5
5608,-38.7485818,-72.6051755,0,17886447,3
5590,-38.7387405,-72.6041835,0,17900175,5
20016,-38.7406662,-72.5925037,0,17920326,5
5582,-38.7579849,-72.6265846,0,17932774,4
20048,-38.7282573,-72.6421976,0,17947693,6
5668,-38.7316029,-72.5881592,0,17959540,6
5590,-38.7256052,-72.5787815,0,17984659,1
19944,-38.6911289,-72.6552122,1,18029286,2
5597,-38.7345492,-72.5655281,1,18029779,5
20173,-38.7196997,-72.5544454,0,18083932,5
5668,-38.7372302,-72.5937088,0,18109868,3
20218,-38.7200336,-72.5609364,0,18131375,5
5813,-38.7194548,-72.624857,1,18136256,4
5675,-38.7604788,-72.6293398,1,18149798,5
5578,-38.7260629,-72.5736973,0,18176993,6
5604,-38.7299629,-72.5685403,1,18239249,2
5717,-38.7383864,-72.592412,1,18254229,3
5580,-38.7552996,-72.6486783,0,18263297,4
5606,-38.7150217,-72.621707,0,18268473,3
5590,-38.7285689,-72.5976278,0,18279883,3
5813,-38.73428,-72.5607373,1,18286919,2
5611,-38.6799418,-72.5065795,0,18304213,1
20218,-38.7363884,-72.591506,1,18339253,3
5782,-38.704114,-72.5443433,0,18362292,2
20016,-38.7332141,-72.6335177,0,18367560,4
5661,-38.7551932,-72.6595729,1,18413775,2
20096,-38.7671942,-72.5940084,1,18420116,1
5668,-38.7021305,-72.6439021,1,18440147,2
20100,-38.7224331,-72.6228918,1,18466369,2
5580,-38.7389585,-72.5913926,0,18526694,3
5668,-38.7610031,-72.6508085,1,18556143,6
5694,-38.73718,-72.6001683,0,18601567,4
5589,-38.7212321,-72.5583555,0,18634027,5
20016,-38.7626068,-72.7020157,1,18651125,3
5675,-38.7076173,-72.5464503,1,18655887,2
5661,-38.6887138,-72.5202662,0,18683619,5
11465,-38.7579278,-72.6332794,1,18745460,5
5575,-38.7114996,-72.6257675,0,18760581,4
5654,-38.7131795,-72.6296697,1,18764217,2
20129,-38.7474378,-72.6048152,1,18767461,6
5682,-38.7400041,-72.592361,1,18816563,4
5717,-38.7099998,-72.6522075,0,18858564,6
5582,-38.7170702,-72.6310373,1,18862448,1
11465,-38.6918624,-72.525432,0,18917772,3
5604,-38.7421216,-72.6241085,0,18929696,3
5652,-38.7418273,-72.5902001,0,18946373,2
5606,-38.7685459,-72.7440527,0,18970039,2
5659,-38.7218367,-72.6120828,1,19002419,3
5578,-38.7415835,-72.5748754,1,19005727,2
5601,-38.7159997,-72.629309,1,19013948,2
5746,-38.7144021,-72.6336352,1,19034319,5
5589,-38.734168,-72.5624434,0,19036488,2
5714,-38.7391094,-72.5898978,0,19038122,3
5608,-38.7693619,-72.6034997,1,19073554,3
20085,-38.7428939,-72.627604,0,19079608,3
5578,-38.7235452,-72.5594338,0,19087013,2
5654,-38.7599277,-72.747844,1,19098958,1
5782,-38.7469162,-72.5911165,1,19170700,3
20085,-38.7279551,-72.5552038,0,19199355,3
5668,-38.7418118,-72.5906526,0,19239461,4
5694,-38.7350453,-72.6338462,0,19267343,5
11465,-38.724148,-72.5581371,0,19298636,2
5664,-38.7751123,-72.5932222,0,19312290,7
5601,-38.762112,-72.6931091,0,19345270,1
5726,-38.7573176,-72.6370664,1,19351716,3
5580,-38.740213,-72.5877519,0,19477470,3
5580,-38.7395179,-72.5914268,1,19576833,2
5604,-38.7382094,-72.5933042,0,19588041,2
5578,-38.7251969,-72.6369015,1,19624832,9
5582,-38.7470213,-72.6228824,0,19702828,6
5606,-38.7327851,-72.6242767,1,19715871,4
20173,-38.7580102,-72.6373529,1,19736097,3
5578,-38.7586116,-72.7432785,1,19758988,1
5596,-38.7357217,-72.5853898,1,19851997,1
5604,-38.7421979,-72.6001523,1,19911219,3
5601,-38.7337444,-72.581232,1,19944811,3
5588,-38.7443461,-72.6329177,0,19996853,4
5590,-38.7109428,-72.6309694,1,20034411,2
5746,-38.7443857,-72.630716,0,20047882,4
5606,-38.6808105,-72.5052721,0,20051174,1
5578,-38.7117628,-72.6511042,0,20113964,3
5703,-38.7185495,-72.6139626,1,20162006,3
5713,-38.7109898,-72.6552243,0,20199029,3
20048,-38.6883382,-72.5178868,1,20200576,3
5585,-38.7347184,-72.6080019,0,20251279,6
5661,-38.7153295,-72.6516782,0,20318923,3
5693,-38.7341034,-72.5800783,0,20376175,2
5589,-38.7217949,-72.6171084,1,20376671,3
5652,-38.7370919,-72.6237103,1,20382718,2
5675,-38.7169308,-72.6188322,1,20434083,1
5585,-38.7328728,-72.5781825,0,20439034,2
20173,-38.7422228,-72.592011,0,20490175,4
19923,-38.7289495,-72.6015413,0,20509032,4
5575,-38.7566965,-72.6524218,1,20546177,4
5746,-38.7080275,-72.6217913,0,20546568,2
20129,-38.7390915,-72.5936633,1,20565650,1
5601,-38.7482622,-72.6392891,0,20573460,2
5585,-38.7398322,-72.5916583,0,20583475,4
20137,-38.7048552,-72.6496759,1,20600229,4
5675,-38.75357,-72.6261686,1,20601482,4
11465,-38.7196645,-72.6204543,1,20609282,2
5611,-38.7187122,-72.617133,1,20643017,2
5578,-38.7488694,-72.6388668,0,20762512,5
5713,-38.7737116,-72.5778194,0,20798710,2
20096,-38.7726902,-72.5963802,0,20803323,1
20048,-38.7378334,-72.5893267,0,20818733,6
5682,-38.7414272,-72.5932187,0,20820288,3
5698,-38.7355222,-72.6013967,0,20821524,3
5590,-38.7387805,-72.5898914,1,20884489,2
5606,-38.7396524,-72.5926054,1,20941589,3
20173,-38.7222667,-72.6225028,1,20977284,3
19923,-38.6872515,-72.6549656,1,21050220,2
5694,-38.7371377,-72.6245361,0,21054439,4
20129,-38.7351767,-72.5879469,1,21069887,3
5675,-38.7198771,-72.6230787,1,21074029,2
5578,-38.7382181,-72.5900419,1,21093410,2
20085,-38.7623374,-72.7592083,1,21116660,1
5652,-38.7402094,-72.5947744,0,21119127,4
5664,-38.7346257,-72.628848,0,21133611,3
5601,-38.7198171,-72.6070175,1,21162704,3
5575,-38.7391513,-72.58969,1,21182650,4
20218,-38.7399298,-72.6135819,0,21221539,3
20085,-38.7188757,-72.6086796,0,21222953,2
5585,-38.7352897,-72.6216884,0,21247136,4
5713,-38.7190742,-72.5633573,1,21258695,2
5661,-38.7273171,-72.5616715,1,21276038,2
5589,-38.7384802,-72.5920834,0,21285434,2
5589,-38.7379856,-72.5903372,1,21373164,3
20137,-38.7651659,-72.594167,1,21412509,2
20137,-38.7083771,-72.6552641,0,21418321,2
5717,-38.7511164,-72.6343644,1,21437088,3
20218,-38.7348962,-72.5930094,1,21515350,4
5588,-38.7389806,-72.5901812,0,21533900,5
5746,-38.7651024,-72.6771361,0,21535034,1
5652,-38.7564961,-72.6426922,1,21549665,4
20173,-38.7383851,-72.6097468,0,21620479,2
5588,-38.7191254,-72.6484607,0,21636664,3
5726,-38.7141043,-72.6479565,0,21645311,2
5694,-38.7244469,-72.6132279,0,21674125,3
5694,-38.7719856,-72.5821351,0,21743478,2
5582,-38.7392182,-72.5913365,0,21744946,4
5606,-38.7348314,-72.6205136,0,21751979,3
5575,-38.7188079,-72.5621375,0,21844028,2
5589,-38.7337143,-72.6120694,1,21910315,2
5575,-38.7408278,-72.5882767,0,21923684,3
5661,-38.7591578,-72.6269516,0,21923864,4
5575,-38.7609169,-72.7483751,0,21961898,5
5694,-38.7110383,-72.6550698,0,22001710,4
5654,-38.735301,-72.6384803,0,22015574,2
5686,-38.737943,-72.5713206,0,22024351,3
5597,-38.7445779,-72.6003629,0,22093159,3
5703,-38.7392278,-72.5911712,0,22098501,4
5713,-38.7690238,-72.5964684,1,22121194,1
5585,-38.7424201,-72.5908977,0,22187716,2
5682,-38.7474743,-72.6123152,0,22287238,5
5717,-38.7098231,-72.553371,1,22287689,4
5611,-38.7363649,-72.6228901,0,22338601,4
5668,-38.7424816,-72.629435,0,22347068,3
5675,-38.689613,-72.5196028,0,22369811,2
5703,-38.7418165,-72.5909129,1,22391642,1
5652,-38.7359614,-72.6499815,0,22398971,2
19923,-38.7569921,-72.6341213,1,22400941,3
5582,-38.7277667,-72.6066048,1,22450243,2
5698,-38.741845,-72.5837277,1,22475655,3
5589,-38.6874309,-72.6556462,1,22477758,5
5668,-38.7365876,-72.5889987,1,22489231,2
5726,-38.7784438,-72.6040847,0,22531591,1
20173,-38.7320371,-72.6119232,0,22537295,5
5713,-38.7383627,-72.5903182,0,22537780,2
5713,-38.7255301,-72.6236903,0,22578658,6
11465,-38.7296159,-72.6212969,1,22582326,3
5703,-38.7184897,-72.5561531,0,22615079,2
20129,-38.7586868,-72.6392244,0,22649746,4
5682,-38.75065,-72.612687,1,22669298,2
5654,-38.7411799,-72.59884,0,22676447,4
5717,-38.7644185,-72.5935203,1,22693726,1
5580,-38.756859,-72.6534126,1,22712589,2
5590,-38.7313613,-72.6197701,0,22713385,3
20218,-38.7595484,-72.5989853,1,22814777,1
5582,-38.7388006,-72.5945826,0,22825648,2
20048,-38.7399043,-72.5881971,1,22845718,3
5703,-38.7390508,-72.5913197,1,22855218,3
5746,-38.7346074,-72.5801951,1,22869197,5
5746,-38.7608276,-72.7497858,0,22883396,1
20137,-38.722029,-72.6253348,0,22889065,2
5601,-38.7142327,-72.6471935,0,22890956,4
5580,-38.7386529,-72.5939319,1,22901203,2
5601,-38.7463439,-72.5759161,1,22922742,3
5596,-38.7075264,-72.6488387,0,22929776,3
5675,-38.7746018,-72.6023282,0,22943465,2
20085,-38.7547277,-72.6386814,0,23066515,4
5668,-38.7439786,-72.609574,0,23071539,3
5582,-38.7035233,-72.5456797,0,23117800,2
20085,-38.7560513,-72.6252697,1,23127146,4
5654,-38.7593358,-72.6314839,1,23144191,2
5588,-38.7396334,-72.5901792,1,23144732,2
5682,-38.7448862,-72.5786094,1,23166568,2
20085,-38.7171859,-72.5512324,1,23166874,1
5597,-38.7408557,-72.5931719,0,23198263,2
5694,-38.7306508,-72.583254,0,23206582,1
5746,-38.7379361,-72.590661,1,23226124,6
5675,-38.7231787,-72.6133687,1,23257100,2
5652,-38.7387764,-72.5910043,0,23266873,5
5585,-38.7230316,-72.6265269,0,23278524,3
20137,-38.7575109,-72.5879801,1,23302260,3
5601,-38.7385272,-72.622409,1,23343106,5
5585,-38.7077152,-72.6494844,1,23353013,5
5703,-38.7313571,-72.5595589,0,23404301,3
5746,-38.7391385,-72.5886055,0,23445623,5
5590,-38.7151355,-72.653826,1,23482081,4
20137,-38.7349117,-72.6090195,0,23486606,2
5654,-38.7399975,-72.5911856,0,23601693,3
5713,-38.7582377,-72.6593154,0,23610628,2
5664,-38.7693067,-72.7447986,1,23623505,1
5686,-38.7472786,-72.6138232,0,23681838,3
5606,-38.7387764,-72.591511,1,23702208,3
5601,-38.7539525,-72.6350299,0,23718187,4
5694,-38.7215032,-72.6201423,1,23729570,3
5668,-38.739792,-72.5892643,1,23729943,1
5686,-38.7209046,-72.5604898,1,23744785,2
5675,-38.7121769,-72.5511337,0,23755291,4
20137,-38.72489,-72.6076406,0,23761698,5
5652,-38.732827,-72.5725799,0,23775775,5
5664,-38.7112599,-72.6229505,1,23926800,6
5746,-38.7343021,-72.6329322,1,23944497,2
20096,-38.7351981,-72.5921636,1,23982111,1
5682,-38.71698,-72.5528343,1,24000625,1
5654,-38.733855,-72.588225,0,24025813,2
5694,-38.755211,-72.656148,0,24030153,4
5675,-38.7117146,-72.555622,1,24095190,3
5589,-38.7390524,-72.6285383,1,24151046,3
5746,-38.7590762,-72.6411793,1,24155073,2
5698,-38.7221357,-72.5611643,1,24156477,1
5597,-38.7137678,-72.6331337,0,24186588,3
5682,-38.7481168,-72.6021618,1,24204563,3
20129,-38.746467,-72.6041224,1,24236091,4
5590,-38.7319844,-72.6349095,0,24436501,7
5686,-38.7374571,-72.5857953,1,24475980,5
5703,-38.7115893,-72.6314572,0,24505226,1
19923,-38.7066501,-72.5459467,1,24520618,1
11465,-38.7365829,-72.5901561,0,24525671,8
5611,-38.7200514,-72.5543234,1,24579228,5
5698,-38.739526,-72.59037,1,24608678,3
20173,-38.7369189,-72.6344118,1,24611847,3
5596,-38.750797,-72.6054927,1,24613493,5
20218,-38.7219043,-72.6214766,1,24620341,4
19923,-38.7247776,-72.6032393,0,24629864,3
5578,-38.7366054,-72.5915829,1,24648593,2
5782,-38.7250978,-72.6348766,1,24674570,4
5601,-38.7303593,-72.5689939,0,24705827,3
5694,-38.7371172,-72.5743857,1,24766864,2
5746,-38.7220652,-72.5596554,1,24782134,4
5694,-38.7402669,-72.5911944,1,24790390,6
5606,-38.7405851,-72.6002358,1,24792668,1
20096,-38.7156377,-72.6594477,1,24822942,6
5580,-38.7089471,-72.6672374,1,24833556,3
5601,-38.7102286,-72.6253502,1,24851417,4
5694,-38.7525333,-72.6402346,1,24857290,7
5698,-38.7383011,-72.5773311,0,24866484,2
20048,-38.7385455,-72.5882688,1,24868405,2
5782,-38.7390786,-72.5921697,1,24881598,4
5717,-38.7436484,-72.5971281,0,24888477,4
5713,-38.7422463,-72.5890575,0,24905053,2
5589,-38.7119079,-72.6545977,0,25517851,3
5782,-38.755152,-72.6457236,0,25535541,8
5698,-38.7416385,-72.6205728,1,25563140,5
5746,-38.7309149,-72.5734548,0,25570253,3
5782,-38.7384411,-72.584953,0,25591156,3
5589,-38.7699821,-72.5823064,0,25767196,5
5606,-38.7392286,-72.5778471,1,25834187,3
5601,-38.7521246,-72.6183009,1,26046736,2
5580,-38.7440785,-72.5946857,0,26074200,4
