20,1,0,0,0,0,0,0,0,0,0,0,0,0,0,0,0,0,0,0,5473
61,7,0,0,0,0,0,0,0,0,0,0,0,0,0,0,0,0,0,0,16178
18,7,51,7,54,7,62,2,0,0,0,0,0,0,0,0,0,0,0,0,44092
18,7,52,7,54,7,61,7,0,0,0,0,0,0,0,0,0,0,0,0,53320
3,7,50,1,58,7,0,0,0,0,0,0,0,0,0,0,0,0,0,0,62822
3,7,4,7,15,7,16,7,20,7,0,0,0,0,0,0,0,0,0,0,92656
20,7,44,7,0,0,0,0,0,0,0,0,0,0,0,0,0,0,0,0,106439
3,7,9,7,12,7,18,7,0,0,0,0,0,0,0,0,0,0,0,0,109151
9,7,12,7,20,7,52,7,59,7,0,0,0,0,0,0,0,0,0,0,109487
47,7,62,7,0,0,0,0,0,0,0,0,0,0,0,0,0,0,0,0,118520
51,7,54,7,62,7,0,0,0,0,0,0,0,0,0,0,0,0,0,0,123469
18,7,54,2,0,0,0,0,0,0,0,0,0,0,0,0,0,0,0,0,135451
6,7,7,2,0,0,0,0,0,0,0,0,0,0,0,0,0,0,0,0,148219
16,7,30,1,0,0,0,0,0,0,0,0,0,0,0,0,0,0,0,0,208136
21,7,47,7,51,7,0,0,0,0,0,0,0,0,0,0,0,0,0,0,227621
3,7,22,7,25,7,44,1,0,0,0,0,0,0,0,0,0,0,0,0,290000
2,7,20,7,25,7,0,0,0,0,0,0,0,0,0,0,0,0,0,0,320418
8,1,52,7,0,0,0,0,0,0,0,0,0,0,0,0,0,0,0,0,348270
47,7,51,7,62,7,0,0,0,0,0,0,0,0,0,0,0,0,0,0,360716
50,1,0,0,0,0,0,0,0,0,0,0,0,0,0,0,0,0,0,0,381320
21,7,47,7,51,7,54,2,62,7,63,1,0,0,0,0,0,0,0,0,382086
4,7,40,7,43,1,53,7,0,0,0,0,0,0,0,0,0,0,0,0,408006
3,7,9,7,0,0,0,0,0,0,0,0,0,0,0,0,0,0,0,0,419946
4,7,12,7,20,7,48,7,55,7,0,0,0,0,0,0,0,0,0,0,420161
3,7,20,7,0,0,0,0,0,0,0,0,0,0,0,0,0,0,0,0,428587
3,2,9,7,0,0,0,0,0,0,0,0,0,0,0,0,0,0,0,0,430897
9,7,0,0,0,0,0,0,0,0,0,0,0,0,0,0,0,0,0,0,436296
46,7,47,7,51,7,62,7,0,0,0,0,0,0,0,0,0,0,0,0,438337
22,7,47,2,61,7,0,0,0,0,0,0,0,0,0,0,0,0,0,0,455277
2,2,20,7,46,7,0,0,0,0,0,0,0,0,0,0,0,0,0,0,456973
12,1,61,7,0,0,0,0,0,0,0,0,0,0,0,0,0,0,0,0,458507
20,7,34,2,42,7,0,0,0,0,0,0,0,0,0,0,0,0,0,0,518811
12,7,19,7,21,1,0,0,0,0,0,0,0,0,0,0,0,0,0,0,594317
27,7,46,2,0,0,0,0,0,0,0,0,0,0,0,0,0,0,0,0,632249
51,7,64,7,0,0,0,0,0,0,0,0,0,0,0,0,0,0,0,0,641805
9,7,18,7,20,7,40,7,0,0,0,0,0,0,0,0,0,0,0,0,688411
13,1,22,7,22,7,0,0,0,0,0,0,0,0,0,0,0,0,0,0,742621
11,1,12,7,21,7,45,7,47,7,62,7,0,0,0,0,0,0,0,0,760970
19,1,61,7,0,0,0,0,0,0,0,0,0,0,0,0,0,0,0,0,766045
18,7,45,2,51,7,62,7,0,0,0,0,0,0,0,0,0,0,0,0,769647
3,7,12,7,61,7,0,0,0,0,0,0,0,0,0,0,0,0,0,0,772050
19,7,20,7,25,7,36,1,57,7,0,0,0,0,0,0,0,0,0,0,839157
54,7,59,7,0,0,0,0,0,0,0,0,0,0,0,0,0,0,0,0,854680
12,7,52,1,0,0,0,0,0,0,0,0,0,0,0,0,0,0,0,0,859359
19,7,20,7,34,7,0,0,0,0,0,0,0,0,0,0,0,0,0,0,865806
1,7,12,7,18,7,0,0,0,0,0,0,0,0,0,0,0,0,0,0,940495
12,7,45,7,46,7,0,0,0,0,0,0,0,0,0,0,0,0,0,0,980011
21,7,45,7,46,7,47,7,52,1,62,7,0,0,0,0,0,0,0,0,996209
51,7,54,5,0,0,0,0,0,0,0,0,0,0,0,0,0,0,0,0,1153277
20,1,22,7,46,7,54,7,0,0,0,0,0,0,0,0,0,0,0,0,1184309
20,1,32,7,34,7,60,7,0,0,0,0,0,0,0,0,0,0,0,0,1228314
21,7,59,1,62,7,0,0,0,0,0,0,0,0,0,0,0,0,0,0,1253641
4,2,15,7,58,7,0,0,0,0,0,0,0,0,0,0,0,0,0,0,1261256
21,7,22,7,45,7,0,0,0,0,0,0,0,0,0,0,0,0,0,0,1291329
19,7,45,7,0,0,0,0,0,0,0,0,0,0,0,0,0,0,0,0,1312652
44,7,54,7,58,7,0,0,0,0,0,0,0,0,0,0,0,0,0,0,1322515
2,7,47,7,58,7,0,0,0,0,0,0,0,0,0,0,0,0,0,0,1406192
51,7,54,2,62,7,0,0,0,0,0,0,0,0,0,0,0,0,0,0,1426206
20,7,22,7,63,7,0,0,0,0,0,0,0,0,0,0,0,0,0,0,1430991
46,7,59,2,0,0,0,0,0,0,0,0,0,0,0,0,0,0,0,0,1433775
22,7,22,7,25,7,63,7,0,0,0,0,0,0,0,0,0,0,0,0,1477760
21,7,45,7,47,7,0,0,0,0,0,0,0,0,0,0,0,0,0,0,1536472
12,7,44,7,63,7,0,0,0,0,0,0,0,0,0,0,0,0,0,0,1542178
2,7,22,7,46,7,0,0,0,0,0,0,0,0,0,0,0,0,0,0,1548754
12,1,0,0,0,0,0,0,0,0,0,0,0,0,0,0,0,0,0,0,1588713
2,7,20,7,0,0,0,0,0,0,0,0,0,0,0,0,0,0,0,0,1645632
21,7,54,7,0,0,0,0,0,0,0,0,0,0,0,0,0,0,0,0,1650906
46,7,54,7,64,7,0,0,0,0,0,0,0,0,0,0,0,0,0,0,1652253
21,7,22,1,45,7,47,7,51,7,62,7,0,0,0,0,0,0,0,0,1660781
22,7,47,7,54,7,62,7,0,0,0,0,0,0,0,0,0,0,0,0,1664375
34,7,37,7,40,7,0,0,0,0,0,0,0,0,0,0,0,0,0,0,1677162
3,2,9,7,12,7,46,7,59,7,0,0,0,0,0,0,0,0,0,0,1763161
27,1,61,2,0,0,0,0,0,0,0,0,0,0,0,0,0,0,0,0,1781546
21,7,44,7,51,7,63,7,0,0,0,0,0,0,0,0,0,0,0,0,1854434
20,7,58,7,0,0,0,0,0,0,0,0,0,0,0,0,0,0,0,0,1872737
9,1,51,7,54,7,64,7,0,0,0,0,0,0,0,0,0,0,0,0,1932511
54,7,0,0,0,0,0,0,0,0,0,0,0,0,0,0,0,0,0,0,1946932
22,7,46,7,54,7,55,7,59,7,0,0,0,0,0,0,0,0,0,0,1987092
3,7,54,2,61,7,0,0,0,0,0,0,0,0,0,0,0,0,0,0,2031565
21,7,22,7,22,7,45,7,46,7,47,7,51,7,54,7,62,7,63,7,2034191
44,7,58,7,0,0,0,0,0,0,0,0,0,0,0,0,0,0,0,0,2056064
13,1,19,7,59,7,63,7,0,0,0,0,0,0,0,0,0,0,0,0,2105946
20,7,52,1,0,0,0,0,0,0,0,0,0,0,0,0,0,0,0,0,2171170
27,2,0,0,0,0,0,0,0,0,0,0,0,0,0,0,0,0,0,0,2201770
4,1,46,7,54,2,0,0,0,0,0,0,0,0,0,0,0,0,0,0,2207554
12,7,20,7,47,7,0,0,0,0,0,0,0,0,0,0,0,0,0,0,2305195
4,2,20,7,44,7,58,7,0,0,0,0,0,0,0,0,0,0,0,0,2371071
18,7,45,2,51,7,62,7,0,0,0,0,0,0,0,0,0,0,0,0,2372124
33,7,43,2,0,0,0,0,0,0,0,0,0,0,0,0,0,0,0,0,2396207
11,7,50,7,0,0,0,0,0,0,0,0,0,0,0,0,0,0,0,0,2402208
4,7,16,1,40,7,0,0,0,0,0,0,0,0,0,0,0,0,0,0,2407167
12,7,20,1,28,7,38,7,0,0,0,0,0,0,0,0,0,0,0,0,2410721
45,7,46,7,62,7,0,0,0,0,0,0,0,0,0,0,0,0,0,0,2444619
3,7,12,7,0,0,0,0,0,0,0,0,0,0,0,0,0,0,0,0,2451019
45,7,51,7,0,0,0,0,0,0,0,0,0,0,0,0,0,0,0,0,2461760
12,1,0,0,0,0,0,0,0,0,0,0,0,0,0,0,0,0,0,0,2470262
4,7,12,7,20,2,58,7,61,7,63,7,0,0,0,0,0,0,0,0,2512468
3,2,38,7,0,0,0,0,0,0,0,0,0,0,0,0,0,0,0,0,2514120
13,7,20,7,28,7,41,1,0,0,0,0,0,0,0,0,0,0,0,0,2527321
46,7,47,7,62,7,0,0,0,0,0,0,0,0,0,0,0,0,0,0,2543309
61,7,0,0,0,0,0,0,0,0,0,0,0,0,0,0,0,0,0,0,2562578
4,7,12,7,54,2,0,0,0,0,0,0,0,0,0,0,0,0,0,0,2595971
21,7,54,7,62,7,0,0,0,0,0,0,0,0,0,0,0,0,0,0,2633920
51,7,62,7,0,0,0,0,0,0,0,0,0,0,0,0,0,0,0,0,2643428
3,7,20,7,54,7,0,0,0,0,0,0,0,0,0,0,0,0,0,0,2665082
45,7,46,7,51,7,62,7,63,7,0,0,0,0,0,0,0,0,0,0,2705813
12,7,20,7,44,7,54,7,0,0,0,0,0,0,0,0,0,0,0,0,2724451
3,2,18,7,0,0,0,0,0,0,0,0,0,0,0,0,0,0,0,0,2745056
4,7,0,0,0,0,0,0,0,0,0,0,0,0,0,0,0,0,0,0,2762812
20,1,22,7,47,7,0,0,0,0,0,0,0,0,0,0,0,0,0,0,2767688
4,7,12,7,20,7,27,7,37,7,44,7,0,0,0,0,0,0,0,0,2776237
3,7,9,7,54,7,61,7,0,0,0,0,0,0,0,0,0,0,0,0,2864763
46,7,54,7,62,7,0,0,0,0,0,0,0,0,0,0,0,0,0,0,2926070
61,7,0,0,0,0,0,0,0,0,0,0,0,0,0,0,0,0,0,0,3129628
12,1,21,7,22,7,45,7,46,7,51,7,63,7,0,0,0,0,0,0,3136432
18,7,20,1,0,0,0,0,0,0,0,0,0,0,0,0,0,0,0,0,3154040
12,7,20,1,45,7,62,7,0,0,0,0,0,0,0,0,0,0,0,0,3232660
21,7,45,7,62,7,0,0,0,0,0,0,0,0,0,0,0,0,0,0,3270737
9,7,12,7,18,7,27,7,44,7,54,7,0,0,0,0,0,0,0,0,3290010
45,7,0,0,0,0,0,0,0,0,0,0,0,0,0,0,0,0,0,0,3304559
12,7,20,2,46,7,0,0,0,0,0,0,0,0,0,0,0,0,0,0,3318659
7,7,16,7,33,7,0,0,0,0,0,0,0,0,0,0,0,0,0,0,3329276
3,7,18,7,0,0,0,0,0,0,0,0,0,0,0,0,0,0,0,0,3340658
44,7,54,7,64,7,0,0,0,0,0,0,0,0,0,0,0,0,0,0,3392425
46,7,51,7,62,7,0,0,0,0,0,0,0,0,0,0,0,0,0,0,3410130
1,7,27,7,47,7,51,7,63,7,0,0,0,0,0,0,0,0,0,0,3415843
8,1,22,7,0,0,0,0,0,0,0,0,0,0,0,0,0,0,0,0,3443017
13,1,45,7,54,7,0,0,0,0,0,0,0,0,0,0,0,0,0,0,3461555
4,1,22,7,59,7,0,0,0,0,0,0,0,0,0,0,0,0,0,0,3514811
21,6,22,7,22,7,25,7,27,7,46,7,0,0,0,0,0,0,0,0,3546757
12,7,44,7,54,7,0,0,0,0,0,0,0,0,0,0,0,0,0,0,3609503
12,7,52,7,61,7,0,0,0,0,0,0,0,0,0,0,0,0,0,0,3622845
45,7,47,7,51,7,62,7,0,0,0,0,0,0,0,0,0,0,0,0,3635401
12,7,27,7,32,7,44,7,63,7,0,0,0,0,0,0,0,0,0,0,3704972
40,7,59,7,0,0,0,0,0,0,0,0,0,0,0,0,0,0,0,0,3718073
4,7,9,7,12,7,27,7,37,7,45,7,62,7,0,0,0,0,0,0,3742060
39,7,41,7,57,7,60,7,0,0,0,0,0,0,0,0,0,0,0,0,3759879
12,7,27,7,61,7,0,0,0,0,0,0,0,0,0,0,0,0,0,0,3790190
21,7,45,7,47,7,51,7,54,2,64,7,0,0,0,0,0,0,0,0,3864841
13,7,44,7,0,0,0,0,0,0,0,0,0,0,0,0,0,0,0,0,3870567
16,1,22,7,0,0,0,0,0,0,0,0,0,0,0,0,0,0,0,0,3876269
4,1,46,7,55,7,59,7,0,0,0,0,0,0,0,0,0,0,0,0,3894978
52,1,61,7,0,0,0,0,0,0,0,0,0,0,0,0,0,0,0,0,3899338
51,7,63,7,0,0,0,0,0,0,0,0,0,0,0,0,0,0,0,0,3918702
15,7,16,7,20,7,0,0,0,0,0,0,0,0,0,0,0,0,0,0,3949202
45,7,51,7,0,0,0,0,0,0,0,0,0,0,0,0,0,0,0,0,3977778
45,7,47,7,51,7,62,7,0,0,0,0,0,0,0,0,0,0,0,0,3985551
40,1,61,7,0,0,0,0,0,0,0,0,0,0,0,0,0,0,0,0,4024778
25,7,44,7,47,7,54,7,0,0,0,0,0,0,0,0,0,0,0,0,4038945
12,7,46,7,54,7,55,7,59,7,0,0,0,0,0,0,0,0,0,0,4051685
3,7,4,7,18,7,59,7,0,0,0,0,0,0,0,0,0,0,0,0,4102036
20,1,46,7,54,7,0,0,0,0,0,0,0,0,0,0,0,0,0,0,4125701
8,1,12,7,52,7,0,0,0,0,0,0,0,0,0,0,0,0,0,0,4171179
54,7,59,7,0,0,0,0,0,0,0,0,0,0,0,0,0,0,0,0,4215141
20,7,54,2,0,0,0,0,0,0,0,0,0,0,0,0,0,0,0,0,4303678
8,7,52,2,61,7,0,0,0,0,0,0,0,0,0,0,0,0,0,0,4326083
2,1,3,7,51,7,63,7,0,0,0,0,0,0,0,0,0,0,0,0,4326257
12,7,18,7,49,1,0,0,0,0,0,0,0,0,0,0,0,0,0,0,4338332
22,7,47,7,0,0,0,0,0,0,0,0,0,0,0,0,0,0,0,0,4350799
21,7,54,2,0,0,0,0,0,0,0,0,0,0,0,0,0,0,0,0,4357497
20,7,44,6,58,7,0,0,0,0,0,0,0,0,0,0,0,0,0,0,4357540
21,7,45,7,47,7,51,7,54,7,62,7,63,7,0,0,0,0,0,0,4387252
4,7,12,7,54,7,0,0,0,0,0,0,0,0,0,0,0,0,0,0,4410091
15,7,53,7,0,0,0,0,0,0,0,0,0,0,0,0,0,0,0,0,4411769
4,7,15,7,53,7,0,0,0,0,0,0,0,0,0,0,0,0,0,0,4429751
12,7,22,7,27,7,45,7,47,7,63,7,0,0,0,0,0,0,0,0,4441380
19,7,20,7,0,0,0,0,0,0,0,0,0,0,0,0,0,0,0,0,4464515
3,7,44,7,63,7,0,0,0,0,0,0,0,0,0,0,0,0,0,0,4482564
20,7,44,7,57,1,58,7,0,0,0,0,0,0,0,0,0,0,0,0,4486493
22,7,27,7,46,7,47,7,51,7,62,7,0,0,0,0,0,0,0,0,4516173
12,1,21,7,22,7,45,7,46,7,51,7,63,7,0,0,0,0,0,0,4591905
51,7,54,7,62,7,64,7,0,0,0,0,0,0,0,0,0,0,0,0,4599034
22,7,22,7,44,7,46,7,51,6,54,7,58,7,59,7,60,7,0,0,4653139
28,1,62,7,0,0,0,0,0,0,0,0,0,0,0,0,0,0,0,0,4658301
12,7,22,7,45,7,47,7,54,7,62,7,0,0,0,0,0,0,0,0,4666685
4,7,9,7,10,1,12,7,18,7,0,0,0,0,0,0,0,0,0,0,4758014
45,7,0,0,0,0,0,0,0,0,0,0,0,0,0,0,0,0,0,0,4767338
12,7,52,1,61,7,0,0,0,0,0,0,0,0,0,0,0,0,0,0,4865942
3,7,6,1,9,2,61,7,0,0,0,0,0,0,0,0,0,0,0,0,5019197
20,2,23,7,0,0,0,0,0,0,0,0,0,0,0,0,0,0,0,0,5059174
23,1,0,0,0,0,0,0,0,0,0,0,0,0,0,0,0,0,0,0,5068834
16,2,53,7,0,0,0,0,0,0,0,0,0,0,0,0,0,0,0,0,5087161
44,7,0,0,0,0,0,0,0,0,0,0,0,0,0,0,0,0,0,0,5096614
12,7,19,7,0,0,0,0,0,0,0,0,0,0,0,0,0,0,0,0,5097255
12,7,20,7,57,1,0,0,0,0,0,0,0,0,0,0,0,0,0,0,5116069
12,7,20,7,21,7,45,7,47,7,51,7,54,7,59,7,62,7,0,0,5212723
3,7,18,7,46,7,54,7,0,0,0,0,0,0,0,0,0,0,0,0,5322936
22,1,54,7,0,0,0,0,0,0,0,0,0,0,0,0,0,0,0,0,5342316
4,7,53,7,0,0,0,0,0,0,0,0,0,0,0,0,0,0,0,0,5358564
12,7,14,7,20,7,0,0,0,0,0,0,0,0,0,0,0,0,0,0,5365920
4,7,12,7,20,7,36,1,0,0,0,0,0,0,0,0,0,0,0,0,5386569
18,7,52,2,0,0,0,0,0,0,0,0,0,0,0,0,0,0,0,0,5409893
52,1,0,0,0,0,0,0,0,0,0,0,0,0,0,0,0,0,0,0,5458201
21,2,47,7,0,0,0,0,0,0,0,0,0,0,0,0,0,0,0,0,5469545
20,7,45,7,47,7,0,0,0,0,0,0,0,0,0,0,0,0,0,0,5488481
21,7,54,7,0,0,0,0,0,0,0,0,0,0,0,0,0,0,0,0,5528037
22,7,0,0,0,0,0,0,0,0,0,0,0,0,0,0,0,0,0,0,5528573
20,7,23,7,44,7,0,0,0,0,0,0,0,0,0,0,0,0,0,0,5529432
46,7,47,7,54,7,0,0,0,0,0,0,0,0,0,0,0,0,0,0,5532134
58,7,59,7,0,0,0,0,0,0,0,0,0,0,0,0,0,0,0,0,5548548
38,7,0,0,0,0,0,0,0,0,0,0,0,0,0,0,0,0,0,0,5581706
44,1,0,0,0,0,0,0,0,0,0,0,0,0,0,0,0,0,0,0,5587803
46,7,54,7,0,0,0,0,0,0,0,0,0,0,0,0,0,0,0,0,5596178
54,2,59,7,0,0,0,0,0,0,0,0,0,0,0,0,0,0,0,0,5620146
45,7,51,7,0,0,0,0,0,0,0,0,0,0,0,0,0,0,0,0,5678044
18,1,21,7,45,7,54,7,62,7,0,0,0,0,0,0,0,0,0,0,5692609
12,7,44,7,54,7,58,7,63,7,64,7,0,0,0,0,0,0,0,0,5707510
44,7,59,7,0,0,0,0,0,0,0,0,0,0,0,0,0,0,0,0,5774596
18,1,19,7,0,0,0,0,0,0,0,0,0,0,0,0,0,0,0,0,5804431
12,7,0,0,0,0,0,0,0,0,0,0,0,0,0,0,0,0,0,0,5806865
54,7,59,2,0,0,0,0,0,0,0,0,0,0,0,0,0,0,0,0,5828287
45,7,54,7,0,0,0,0,0,0,0,0,0,0,0,0,0,0,0,0,5870750
20,1,21,7,45,7,47,7,0,0,0,0,0,0,0,0,0,0,0,0,5886085
12,7,52,7,63,1,0,0,0,0,0,0,0,0,0,0,0,0,0,0,5957331
12,7,40,1,58,7,59,7,61,7,0,0,0,0,0,0,0,0,0,0,6055665
12,7,27,7,45,7,47,7,62,7,0,0,0,0,0,0,0,0,0,0,6070559
61,7,0,0,0,0,0,0,0,0,0,0,0,0,0,0,0,0,0,0,6130849
2,7,12,7,45,7,54,7,64,7,0,0,0,0,0,0,0,0,0,0,6131707
22,7,54,7,59,1,0,0,0,0,0,0,0,0,0,0,0,0,0,0,6135201
3,7,9,7,12,7,20,7,0,0,0,0,0,0,0,0,0,0,0,0,6146841
21,1,0,0,0,0,0,0,0,0,0,0,0,0,0,0,0,0,0,0,6164258
22,7,59,2,0,0,0,0,0,0,0,0,0,0,0,0,0,0,0,0,6194351
6,7,23,7,39,7,0,0,0,0,0,0,0,0,0,0,0,0,0,0,6195120
21,7,47,7,54,2,0,0,0,0,0,0,0,0,0,0,0,0,0,0,6207177
59,7,0,0,0,0,0,0,0,0,0,0,0,0,0,0,0,0,0,0,6211519
46,2,47,1,0,0,0,0,0,0,0,0,0,0,0,0,0,0,0,0,6216404
45,7,62,1,0,0,0,0,0,0,0,0,0,0,0,0,0,0,0,0,6269657
3,7,18,7,20,7,27,7,41,7,0,0,0,0,0,0,0,0,0,0,6298090
9,7,12,7,18,7,44,7,50,2,58,7,0,0,0,0,0,0,0,0,6342673
45,7,46,7,51,7,54,7,55,1,62,7,0,0,0,0,0,0,0,0,6343818
9,7,22,7,0,0,0,0,0,0,0,0,0,0,0,0,0,0,0,0,6377136
13,1,41,7,0,0,0,0,0,0,0,0,0,0,0,0,0,0,0,0,6466704
20,7,40,6,0,0,0,0,0,0,0,0,0,0,0,0,0,0,0,0,6497191
2,7,28,7,0,0,0,0,0,0,0,0,0,0,0,0,0,0,0,0,6504603
4,7,20,7,59,7,61,7,0,0,0,0,0,0,0,0,0,0,0,0,6516395
4,1,19,7,0,0,0,0,0,0,0,0,0,0,0,0,0,0,0,0,6536320
3,7,18,7,0,0,0,0,0,0,0,0,0,0,0,0,0,0,0,0,6541647
22,7,44,7,64,7,0,0,0,0,0,0,0,0,0,0,0,0,0,0,6545745
5,7,6,7,0,0,0,0,0,0,0,0,0,0,0,0,0,0,0,0,6575717
12,7,45,7,47,7,62,7,0,0,0,0,0,0,0,0,0,0,0,0,6577029
21,7,22,7,47,7,0,0,0,0,0,0,0,0,0,0,0,0,0,0,6598801
46,7,51,7,62,7,0,0,0,0,0,0,0,0,0,0,0,0,0,0,6610602
12,7,19,7,20,7,23,7,25,7,0,0,0,0,0,0,0,0,0,0,6628753
37,7,45,7,51,7,54,7,61,2,62,7,0,0,0,0,0,0,0,0,6667286
12,7,52,7,61,7,0,0,0,0,0,0,0,0,0,0,0,0,0,0,6685919
20,1,0,0,0,0,0,0,0,0,0,0,0,0,0,0,0,0,0,0,6719308
2,7,20,7,28,7,0,0,0,0,0,0,0,0,0,0,0,0,0,0,6790685
3,7,4,7,12,7,18,7,59,7,0,0,0,0,0,0,0,0,0,0,6815936
12,7,54,7,0,0,0,0,0,0,0,0,0,0,0,0,0,0,0,0,6834494
41,1,51,7,54,7,0,0,0,0,0,0,0,0,0,0,0,0,0,0,6876045
46,7,59,2,0,0,0,0,0,0,0,0,0,0,0,0,0,0,0,0,6956145
3,7,45,7,54,7,0,0,0,0,0,0,0,0,0,0,0,0,0,0,6962290
18,7,52,7,0,0,0,0,0,0,0,0,0,0,0,0,0,0,0,0,6981977
9,7,12,7,18,2,45,7,46,7,0,0,0,0,0,0,0,0,0,0,6996096
1,7,3,7,12,7,18,7,0,0,0,0,0,0,0,0,0,0,0,0,7009174
3,7,12,7,0,0,0,0,0,0,0,0,0,0,0,0,0,0,0,0,7049951
3,7,12,7,20,1,27,7,44,7,61,7,0,0,0,0,0,0,0,0,7089503
59,2,0,0,0,0,0,0,0,0,0,0,0,0,0,0,0,0,0,0,7092000
12,7,37,7,62,7,0,0,0,0,0,0,0,0,0,0,0,0,0,0,7113222
3,1,45,7,51,7,0,0,0,0,0,0,0,0,0,0,0,0,0,0,7154963
20,1,45,7,0,0,0,0,0,0,0,0,0,0,0,0,0,0,0,0,7157575
21,7,45,7,51,7,0,0,0,0,0,0,0,0,0,0,0,0,0,0,7161932
44,7,58,2,0,0,0,0,0,0,0,0,0,0,0,0,0,0,0,0,7190561
20,1,46,7,47,7,54,7,0,0,0,0,0,0,0,0,0,0,0,0,7267044
21,7,22,7,45,7,47,7,51,7,0,0,0,0,0,0,0,0,0,0,7288204
4,7,33,2,0,0,0,0,0,0,0,0,0,0,0,0,0,0,0,0,7318353
52,7,61,2,0,0,0,0,0,0,0,0,0,0,0,0,0,0,0,0,7357541
38,7,0,0,0,0,0,0,0,0,0,0,0,0,0,0,0,0,0,0,7359440
20,1,21,7,45,7,54,7,62,7,0,0,0,0,0,0,0,0,0,0,7382842
20,7,0,0,0,0,0,0,0,0,0,0,0,0,0,0,0,0,0,0,7383675
19,7,20,7,25,7,0,0,0,0,0,0,0,0,0,0,0,0,0,0,7394213
3,7,0,0,0,0,0,0,0,0,0,0,0,0,0,0,0,0,0,0,7420106
9,7,54,7,62,7,0,0,0,0,0,0,0,0,0,0,0,0,0,0,7420630
63,7,0,0,0,0,0,0,0,0,0,0,0,0,0,0,0,0,0,0,7428322
13,1,21,7,45,7,47,7,51,7,54,7,62,7,0,0,0,0,0,0,7435418
18,7,61,7,63,7,0,0,0,0,0,0,0,0,0,0,0,0,0,0,7444799
12,7,61,7,0,0,0,0,0,0,0,0,0,0,0,0,0,0,0,0,7480836
46,7,54,7,59,7,0,0,0,0,0,0,0,0,0,0,0,0,0,0,7483317
18,7,22,7,53,1,0,0,0,0,0,0,0,0,0,0,0,0,0,0,7516991
6,7,36,7,0,0,0,0,0,0,0,0,0,0,0,0,0,0,0,0,7565480
24,1,52,7,61,7,0,0,0,0,0,0,0,0,0,0,0,0,0,0,7571217
3,7,12,7,47,7,63,7,0,0,0,0,0,0,0,0,0,0,0,0,7579550
4,7,21,7,45,7,46,7,54,7,55,7,59,7,62,7,0,0,0,0,7584318
22,7,47,7,52,1,61,2,0,0,0,0,0,0,0,0,0,0,0,0,7598284
6,1,12,7,61,7,0,0,0,0,0,0,0,0,0,0,0,0,0,0,7622286
3,7,53,7,0,0,0,0,0,0,0,0,0,0,0,0,0,0,0,0,7684173
52,7,61,7,0,0,0,0,0,0,0,0,0,0,0,0,0,0,0,0,7690185
12,7,26,1,52,7,61,7,0,0,0,0,0,0,0,0,0,0,0,0,7691058
52,7,0,0,0,0,0,0,0,0,0,0,0,0,0,0,0,0,0,0,7715501
22,7,47,7,51,7,0,0,0,0,0,0,0,0,0,0,0,0,0,0,7725415
2,7,28,7,0,0,0,0,0,0,0,0,0,0,0,0,0,0,0,0,7729528
13,7,28,7,37,7,46,7,58,7,60,7,0,0,0,0,0,0,0,0,7760471
3,1,21,7,54,7,59,7,0,0,0,0,0,0,0,0,0,0,0,0,7795636
19,7,38,7,0,0,0,0,0,0,0,0,0,0,0,0,0,0,0,0,7836461
3,1,51,7,54,7,0,0,0,0,0,0,0,0,0,0,0,0,0,0,7836753
18,7,45,7,46,7,51,7,54,7,64,7,0,0,0,0,0,0,0,0,7841753
4,7,59,7,0,0,0,0,0,0,0,0,0,0,0,0,0,0,0,0,7867510
44,7,0,0,0,0,0,0,0,0,0,0,0,0,0,0,0,0,0,0,7902960
44,1,46,7,51,7,62,7,0,0,0,0,0,0,0,0,0,0,0,0,7912171
21,1,45,7,54,7,62,7,0,0,0,0,0,0,0,0,0,0,0,0,7917890
33,7,0,0,0,0,0,0,0,0,0,0,0,0,0,0,0,0,0,0,7978693
3,7,20,7,27,7,54,7,0,0,0,0,0,0,0,0,0,0,0,0,7993192
12,1,45,7,47,7,0,0,0,0,0,0,0,0,0,0,0,0,0,0,8004224
38,7,44,7,0,0,0,0,0,0,0,0,0,0,0,0,0,0,0,0,8034600
3,7,18,7,20,7,64,7,0,0,0,0,0,0,0,0,0,0,0,0,8069827
3,7,20,7,21,7,22,7,46,7,47,7,51,7,63,6,0,0,0,0,8081714
22,7,22,7,27,7,0,0,0,0,0,0,0,0,0,0,0,0,0,0,8131096
42,1,0,0,0,0,0,0,0,0,0,0,0,0,0,0,0,0,0,0,8158826
3,1,21,7,45,7,47,7,54,7,0,0,0,0,0,0,0,0,0,0,8169463
20,7,54,7,58,7,61,7,0,0,0,0,0,0,0,0,0,0,0,0,8209321
6,6,20,1,60,7,0,0,0,0,0,0,0,0,0,0,0,0,0,0,8288861
21,7,45,7,47,7,0,0,0,0,0,0,0,0,0,0,0,0,0,0,8325518
52,7,61,7,0,0,0,0,0,0,0,0,0,0,0,0,0,0,0,0,8335248
12,7,19,7,25,7,0,0,0,0,0,0,0,0,0,0,0,0,0,0,8354872
22,7,55,7,59,7,0,0,0,0,0,0,0,0,0,0,0,0,0,0,8376655
1,7,14,7,56,7,0,0,0,0,0,0,0,0,0,0,0,0,0,0,8377492
13,7,23,7,29,7,64,7,0,0,0,0,0,0,0,0,0,0,0,0,8411299
28,7,44,2,0,0,0,0,0,0,0,0,0,0,0,0,0,0,0,0,8428316
12,7,28,1,0,0,0,0,0,0,0,0,0,0,0,0,0,0,0,0,8475169
40,7,54,7,0,0,0,0,0,0,0,0,0,0,0,0,0,0,0,0,8488487
4,7,12,7,0,0,0,0,0,0,0,0,0,0,0,0,0,0,0,0,8512750
44,7,54,7,58,7,0,0,0,0,0,0,0,0,0,0,0,0,0,0,8517418
61,7,63,7,0,0,0,0,0,0,0,0,0,0,0,0,0,0,0,0,8572970
12,7,20,1,61,7,0,0,0,0,0,0,0,0,0,0,0,0,0,0,8576256
21,7,23,7,62,7,0,0,0,0,0,0,0,0,0,0,0,0,0,0,8588385
46,2,0,0,0,0,0,0,0,0,0,0,0,0,0,0,0,0,0,0,8604029
3,7,12,7,20,7,27,7,63,7,0,0,0,0,0,0,0,0,0,0,8617772
5,1,61,2,0,0,0,0,0,0,0,0,0,0,0,0,0,0,0,0,8681737
12,7,18,7,19,7,46,7,47,7,64,7,0,0,0,0,0,0,0,0,8682191
4,1,22,7,46,7,61,7,0,0,0,0,0,0,0,0,0,0,0,0,8688695
20,7,0,0,0,0,0,0,0,0,0,0,0,0,0,0,0,0,0,0,8742397
4,7,20,7,0,0,0,0,0,0,0,0,0,0,0,0,0,0,0,0,8766361
19,7,0,0,0,0,0,0,0,0,0,0,0,0,0,0,0,0,0,0,8768067
20,7,28,7,38,7,0,0,0,0,0,0,0,0,0,0,0,0,0,0,8831782
46,7,54,7,59,7,0,0,0,0,0,0,0,0,0,0,0,0,0,0,8837582
1,7,61,7,0,0,0,0,0,0,0,0,0,0,0,0,0,0,0,0,8879180
12,7,13,1,20,2,22,7,0,0,0,0,0,0,0,0,0,0,0,0,8890935
12,7,61,2,0,0,0,0,0,0,0,0,0,0,0,0,0,0,0,0,8892789
12,7,0,0,0,0,0,0,0,0,0,0,0,0,0,0,0,0,0,0,8911987
3,7,22,7,51,7,64,7,0,0,0,0,0,0,0,0,0,0,0,0,8966646
61,5,0,0,0,0,0,0,0,0,0,0,0,0,0,0,0,0,0,0,9013355
12,7,22,7,0,0,0,0,0,0,0,0,0,0,0,0,0,0,0,0,9132418
12,7,27,7,58,7,63,7,0,0,0,0,0,0,0,0,0,0,0,0,9157615
56,1,0,0,0,0,0,0,0,0,0,0,0,0,0,0,0,0,0,0,9167063
21,7,54,7,62,7,0,0,0,0,0,0,0,0,0,0,0,0,0,0,9169083
12,7,20,7,37,7,0,0,0,0,0,0,0,0,0,0,0,0,0,0,9199193
51,7,62,7,64,2,0,0,0,0,0,0,0,0,0,0,0,0,0,0,9203449
18,1,45,7,46,7,51,7,0,0,0,0,0,0,0,0,0,0,0,0,9224516
20,7,21,7,37,7,45,7,47,7,54,7,62,7,0,0,0,0,0,0,9226850
13,7,41,1,56,7,0,0,0,0,0,0,0,0,0,0,0,0,0,0,9226876
45,7,51,7,54,7,0,0,0,0,0,0,0,0,0,0,0,0,0,0,9238223
12,7,23,7,0,0,0,0,0,0,0,0,0,0,0,0,0,0,0,0,9313586
19,1,25,7,0,0,0,0,0,0,0,0,0,0,0,0,0,0,0,0,9317199
21,7,45,7,47,7,51,7,62,7,0,0,0,0,0,0,0,0,0,0,9371610
3,7,18,7,20,7,46,7,0,0,0,0,0,0,0,0,0,0,0,0,9376698
22,7,27,7,45,7,62,7,0,0,0,0,0,0,0,0,0,0,0,0,9379155
12,7,27,7,37,7,0,0,0,0,0,0,0,0,0,0,0,0,0,0,9401248
13,1,45,7,62,7,0,0,0,0,0,0,0,0,0,0,0,0,0,0,9458121
22,7,54,7,0,0,0,0,0,0,0,0,0,0,0,0,0,0,0,0,9478719
15,7,16,7,53,7,0,0,0,0,0,0,0,0,0,0,0,0,0,0,9502555
14,1,21,7,47,7,0,0,0,0,0,0,0,0,0,0,0,0,0,0,9514560
50,7,61,7,0,0,0,0,0,0,0,0,0,0,0,0,0,0,0,0,9566750
3,1,64,7,0,0,0,0,0,0,0,0,0,0,0,0,0,0,0,0,9568085
8,1,61,2,0,0,0,0,0,0,0,0,0,0,0,0,0,0,0,0,9581182
45,7,46,7,62,7,0,0,0,0,0,0,0,0,0,0,0,0,0,0,9621672
12,7,21,7,44,7,47,7,0,0,0,0,0,0,0,0,0,0,0,0,9703196
21,7,27,7,45,7,47,7,0,0,0,0,0,0,0,0,0,0,0,0,9718985
21,7,45,7,47,7,51,7,54,7,62,7,0,0,0,0,0,0,0,0,9743318
9,7,12,7,15,1,19,7,20,7,27,7,53,7,54,7,0,0,0,0,9768540
45,7,51,7,0,0,0,0,0,0,0,0,0,0,0,0,0,0,0,0,9772651
12,7,61,7,0,0,0,0,0,0,0,0,0,0,0,0,0,0,0,0,9777896
4,7,46,7,54,7,59,7,0,0,0,0,0,0,0,0,0,0,0,0,9800480
40,7,50,1,58,7,0,0,0,0,0,0,0,0,0,0,0,0,0,0,9852683
4,7,53,2,0,0,0,0,0,0,0,0,0,0,0,0,0,0,0,0,9857033
18,7,45,7,51,7,0,0,0,0,0,0,0,0,0,0,0,0,0,0,9879021
22,7,54,7,63,2,0,0,0,0,0,0,0,0,0,0,0,0,0,0,9890098
45,7,46,7,62,7,0,0,0,0,0,0,0,0,0,0,0,0,0,0,9928095
22,7,54,7,55,7,0,0,0,0,0,0,0,0,0,0,0,0,0,0,9950056
23,7,44,7,58,7,0,0,0,0,0,0,0,0,0,0,0,0,0,0,9960521
14,1,19,7,20,5,0,0,0,0,0,0,0,0,0,0,0,0,0,0,10001392
12,1,45,7,58,7,61,7,0,0,0,0,0,0,0,0,0,0,0,0,10031462
14,1,21,7,47,7,0,0,0,0,0,0,0,0,0,0,0,0,0,0,10048201
12,7,27,7,52,1,61,7,0,0,0,0,0,0,0,0,0,0,0,0,10068457
3,7,12,7,22,7,54,7,55,7,0,0,0,0,0,0,0,0,0,0,10084286
8,7,10,7,11,7,16,7,17,7,33,7,43,7,45,7,51,7,52,7,10091737
3,1,12,7,51,7,0,0,0,0,0,0,0,0,0,0,0,0,0,0,10113542
47,7,51,7,54,7,0,0,0,0,0,0,0,0,0,0,0,0,0,0,10127037
12,7,22,7,28,7,0,0,0,0,0,0,0,0,0,0,0,0,0,0,10200928
3,7,0,0,0,0,0,0,0,0,0,0,0,0,0,0,0,0,0,0,10234844
18,7,0,0,0,0,0,0,0,0,0,0,0,0,0,0,0,0,0,0,10236846
3,7,43,1,44,7,54,7,0,0,0,0,0,0,0,0,0,0,0,0,10253507
61,7,0,0,0,0,0,0,0,0,0,0,0,0,0,0,0,0,0,0,10364856
62,2,63,7,64,7,0,0,0,0,0,0,0,0,0,0,0,0,0,0,10374314
22,2,63,1,0,0,0,0,0,0,0,0,0,0,0,0,0,0,0,0,10378188
47,7,54,7,61,7,0,0,0,0,0,0,0,0,0,0,0,0,0,0,10378486
3,7,20,7,34,1,0,0,0,0,0,0,0,0,0,0,0,0,0,0,10380955
3,7,12,7,20,7,46,7,47,7,51,7,0,0,0,0,0,0,0,0,10385996
45,7,51,7,54,7,61,7,0,0,0,0,0,0,0,0,0,0,0,0,10396100
61,7,0,0,0,0,0,0,0,0,0,0,0,0,0,0,0,0,0,0,10405787
1,7,13,7,61,7,0,0,0,0,0,0,0,0,0,0,0,0,0,0,10415211
18,1,61,7,0,0,0,0,0,0,0,0,0,0,0,0,0,0,0,0,10427776
9,7,12,7,18,7,0,0,0,0,0,0,0,0,0,0,0,0,0,0,10466520
22,7,27,7,46,7,58,7,0,0,0,0,0,0,0,0,0,0,0,0,10473811
4,2,46,7,54,7,0,0,0,0,0,0,0,0,0,0,0,0,0,0,10497536
12,7,54,7,63,7,0,0,0,0,0,0,0,0,0,0,0,0,0,0,10520002
5,1,22,7,0,0,0,0,0,0,0,0,0,0,0,0,0,0,0,0,10531356
2,2,6,7,20,7,0,0,0,0,0,0,0,0,0,0,0,0,0,0,10562501
59,7,63,1,0,0,0,0,0,0,0,0,0,0,0,0,0,0,0,0,10580621
23,7,0,0,0,0,0,0,0,0,0,0,0,0,0,0,0,0,0,0,10822804
24,1,61,7,0,0,0,0,0,0,0,0,0,0,0,0,0,0,0,0,10832677
22,7,46,7,51,7,54,7,59,7,0,0,0,0,0,0,0,0,0,0,10896097
21,7,25,7,55,7,62,7,64,7,0,0,0,0,0,0,0,0,0,0,10912757
45,7,51,7,54,7,59,2,0,0,0,0,0,0,0,0,0,0,0,0,10953850
41,7,57,7,0,0,0,0,0,0,0,0,0,0,0,0,0,0,0,0,11000411
52,7,0,0,0,0,0,0,0,0,0,0,0,0,0,0,0,0,0,0,11004930
20,7,45,7,46,7,54,7,62,7,64,7,0,0,0,0,0,0,0,0,11023362
3,2,18,7,0,0,0,0,0,0,0,0,0,0,0,0,0,0,0,0,11128530
8,1,12,7,61,7,0,0,0,0,0,0,0,0,0,0,0,0,0,0,11136697
4,1,21,7,22,7,45,7,0,0,0,0,0,0,0,0,0,0,0,0,11166745
38,7,63,7,0,0,0,0,0,0,0,0,0,0,0,0,0,0,0,0,11168005
27,1,45,7,0,0,0,0,0,0,0,0,0,0,0,0,0,0,0,0,11173591
36,1,61,7,0,0,0,0,0,0,0,0,0,0,0,0,0,0,0,0,11176576
18,1,46,7,0,0,0,0,0,0,0,0,0,0,0,0,0,0,0,0,11177677
45,7,47,7,62,7,0,0,0,0,0,0,0,0,0,0,0,0,0,0,11204053
9,7,40,7,50,7,59,7,0,0,0,0,0,0,0,0,0,0,0,0,11207483
3,7,9,7,12,7,27,7,28,7,37,7,54,7,61,7,0,0,0,0,11211463
1,1,9,7,21,7,45,7,46,7,54,7,0,0,0,0,0,0,0,0,11230515
21,7,38,1,44,7,54,2,0,0,0,0,0,0,0,0,0,0,0,0,11263981
16,7,30,7,33,7,0,0,0,0,0,0,0,0,0,0,0,0,0,0,11326640
4,7,0,0,0,0,0,0,0,0,0,0,0,0,0,0,0,0,0,0,11339425
3,7,0,0,0,0,0,0,0,0,0,0,0,0,0,0,0,0,0,0,11379343
2,7,20,2,42,1,0,0,0,0,0,0,0,0,0,0,0,0,0,0,11386360
6,1,12,7,20,7,0,0,0,0,0,0,0,0,0,0,0,0,0,0,11397883
46,7,51,7,54,7,59,7,0,0,0,0,0,0,0,0,0,0,0,0,11432159
5,1,20,7,23,7,0,0,0,0,0,0,0,0,0,0,0,0,0,0,11459883
23,2,41,7,47,7,0,0,0,0,0,0,0,0,0,0,0,0,0,0,11474456
20,7,21,7,54,7,62,7,63,7,0,0,0,0,0,0,0,0,0,0,11553602
60,7,63,1,0,0,0,0,0,0,0,0,0,0,0,0,0,0,0,0,11556353
3,7,4,1,51,7,54,7,0,0,0,0,0,0,0,0,0,0,0,0,11695905
8,1,12,7,61,7,0,0,0,0,0,0,0,0,0,0,0,0,0,0,11699256
12,7,18,7,40,7,52,1,61,7,0,0,0,0,0,0,0,0,0,0,11717857
22,7,44,1,0,0,0,0,0,0,0,0,0,0,0,0,0,0,0,0,11758384
15,7,44,7,58,7,0,0,0,0,0,0,0,0,0,0,0,0,0,0,11795090
21,7,44,7,51,7,54,7,58,7,63,7,0,0,0,0,0,0,0,0,11815721
3,1,12,7,0,0,0,0,0,0,0,0,0,0,0,0,0,0,0,0,11819496
46,7,51,7,54,7,62,7,0,0,0,0,0,0,0,0,0,0,0,0,11837352
21,7,25,7,38,7,62,7,0,0,0,0,0,0,0,0,0,0,0,0,11863152
13,1,23,2,0,0,0,0,0,0,0,0,0,0,0,0,0,0,0,0,11939959
2,7,13,7,20,7,0,0,0,0,0,0,0,0,0,0,0,0,0,0,11946080
61,7,0,0,0,0,0,0,0,0,0,0,0,0,0,0,0,0,0,0,11976389
3,7,46,7,0,0,0,0,0,0,0,0,0,0,0,0,0,0,0,0,12052256
21,7,38,7,45,7,47,7,51,7,62,7,0,0,0,0,0,0,0,0,12121834
2,7,20,7,28,2,0,0,0,0,0,0,0,0,0,0,0,0,0,0,12153518
7,7,9,7,20,7,27,7,46,7,50,7,58,7,0,0,0,0,0,0,12173987
20,7,22,7,42,1,0,0,0,0,0,0,0,0,0,0,0,0,0,0,12195458
21,7,45,7,47,7,51,7,54,7,62,7,0,0,0,0,0,0,0,0,12220969
61,7,0,0,0,0,0,0,0,0,0,0,0,0,0,0,0,0,0,0,12253727
24,1,61,2,0,0,0,0,0,0,0,0,0,0,0,0,0,0,0,0,12275942
21,7,22,7,46,7,54,7,59,7,0,0,0,0,0,0,0,0,0,0,12349599
20,1,22,7,63,7,0,0,0,0,0,0,0,0,0,0,0,0,0,0,12377298
51,7,54,7,0,0,0,0,0,0,0,0,0,0,0,0,0,0,0,0,12428691
3,7,22,7,44,7,51,7,54,7,63,7,0,0,0,0,0,0,0,0,12430733
9,7,20,2,44,1,0,0,0,0,0,0,0,0,0,0,0,0,0,0,12526234
45,7,46,1,62,7,0,0,0,0,0,0,0,0,0,0,0,0,0,0,12555281
12,1,21,7,54,7,0,0,0,0,0,0,0,0,0,0,0,0,0,0,12599184
20,1,61,7,63,7,0,0,0,0,0,0,0,0,0,0,0,0,0,0,12630022
12,7,18,7,27,7,0,0,0,0,0,0,0,0,0,0,0,0,0,0,12670336
12,7,18,7,46,7,61,7,0,0,0,0,0,0,0,0,0,0,0,0,12680111
3,7,4,7,46,7,54,7,0,0,0,0,0,0,0,0,0,0,0,0,12803161
45,7,61,7,0,0,0,0,0,0,0,0,0,0,0,0,0,0,0,0,12804394
20,1,0,0,0,0,0,0,0,0,0,0,0,0,0,0,0,0,0,0,12815025
12,2,20,7,0,0,0,0,0,0,0,0,0,0,0,0,0,0,0,0,12849547
18,7,20,7,51,7,58,7,63,7,64,7,0,0,0,0,0,0,0,0,12878239
20,1,21,7,44,7,45,7,62,7,0,0,0,0,0,0,0,0,0,0,12892891
3,7,18,7,22,7,46,7,54,7,64,7,0,0,0,0,0,0,0,0,12932790
21,7,46,7,47,7,54,7,64,7,0,0,0,0,0,0,0,0,0,0,12988140
47,7,0,0,0,0,0,0,0,0,0,0,0,0,0,0,0,0,0,0,13047737
41,7,42,2,0,0,0,0,0,0,0,0,0,0,0,0,0,0,0,0,13087120
27,1,0,0,0,0,0,0,0,0,0,0,0,0,0,0,0,0,0,0,13103802
12,7,25,7,27,2,36,1,0,0,0,0,0,0,0,0,0,0,0,0,13105141
14,1,18,7,61,7,64,7,0,0,0,0,0,0,0,0,0,0,0,0,13139643
46,7,54,7,63,1,64,7,0,0,0,0,0,0,0,0,0,0,0,0,13156690
4,7,9,2,59,7,0,0,0,0,0,0,0,0,0,0,0,0,0,0,13172621
25,7,45,7,46,7,51,7,62,7,0,0,0,0,0,0,0,0,0,0,13269400
45,7,51,7,54,7,62,7,0,0,0,0,0,0,0,0,0,0,0,0,13314704
9,7,12,7,16,1,40,7,52,7,59,7,0,0,0,0,0,0,0,0,13343160
4,1,46,7,51,7,54,7,0,0,0,0,0,0,0,0,0,0,0,0,13352531
19,7,20,7,0,0,0,0,0,0,0,0,0,0,0,0,0,0,0,0,13396092
2,1,4,7,33,7,58,7,0,0,0,0,0,0,0,0,0,0,0,0,13417196
1,7,9,7,12,7,18,7,20,7,40,7,0,0,0,0,0,0,0,0,13462360
4,2,11,5,20,7,0,0,0,0,0,0,0,0,0,0,0,0,0,0,13486981
23,7,35,7,36,2,0,0,0,0,0,0,0,0,0,0,0,0,0,0,13519871
22,1,0,0,0,0,0,0,0,0,0,0,0,0,0,0,0,0,0,0,13592830
28,7,46,7,0,0,0,0,0,0,0,0,0,0,0,0,0,0,0,0,13599348
2,7,12,7,22,7,46,7,47,7,55,7,0,0,0,0,0,0,0,0,13626260
20,7,61,7,0,0,0,0,0,0,0,0,0,0,0,0,0,0,0,0,13638742
10,1,21,7,0,0,0,0,0,0,0,0,0,0,0,0,0,0,0,0,13647242
40,7,54,7,0,0,0,0,0,0,0,0,0,0,0,0,0,0,0,0,13755761
3,2,9,7,12,7,0,0,0,0,0,0,0,0,0,0,0,0,0,0,13762144
12,7,18,7,22,7,54,7,61,7,0,0,0,0,0,0,0,0,0,0,13772127
23,2,63,7,0,0,0,0,0,0,0,0,0,0,0,0,0,0,0,0,13786300
21,7,27,7,46,7,0,0,0,0,0,0,0,0,0,0,0,0,0,0,13797436
26,1,61,7,0,0,0,0,0,0,0,0,0,0,0,0,0,0,0,0,13801287
12,7,20,1,37,7,45,7,0,0,0,0,0,0,0,0,0,0,0,0,13853690
23,7,41,7,56,7,0,0,0,0,0,0,0,0,0,0,0,0,0,0,13950934
22,1,62,7,0,0,0,0,0,0,0,0,0,0,0,0,0,0,0,0,13994766
27,2,52,1,0,0,0,0,0,0,0,0,0,0,0,0,0,0,0,0,14010202
12,7,20,1,21,7,22,7,47,7,0,0,0,0,0,0,0,0,0,0,14072168
45,7,46,7,51,7,55,1,62,7,0,0,0,0,0,0,0,0,0,0,14091713
9,7,12,7,13,7,18,7,55,7,0,0,0,0,0,0,0,0,0,0,14115078
1,7,20,7,0,0,0,0,0,0,0,0,0,0,0,0,0,0,0,0,14118721
3,7,18,7,27,7,44,7,46,7,50,1,0,0,0,0,0,0,0,0,14118757
3,7,9,7,18,7,21,7,45,7,51,7,54,7,0,0,0,0,0,0,14121126
54,7,55,7,59,2,0,0,0,0,0,0,0,0,0,0,0,0,0,0,14131790
3,7,22,1,44,7,54,7,0,0,0,0,0,0,0,0,0,0,0,0,14150123
3,1,9,7,18,7,0,0,0,0,0,0,0,0,0,0,0,0,0,0,14215323
3,7,54,7,61,2,0,0,0,0,0,0,0,0,0,0,0,0,0,0,14241756
1,1,0,0,0,0,0,0,0,0,0,0,0,0,0,0,0,0,0,0,14261895
22,7,44,7,61,7,0,0,0,0,0,0,0,0,0,0,0,0,0,0,14280211
21,7,26,1,58,2,0,0,0,0,0,0,0,0,0,0,0,0,0,0,14314031
3,7,9,7,12,7,18,7,0,0,0,0,0,0,0,0,0,0,0,0,14328853
51,7,54,2,63,7,0,0,0,0,0,0,0,0,0,0,0,0,0,0,14338633
20,7,38,7,46,7,61,7,0,0,0,0,0,0,0,0,0,0,0,0,14346302
22,7,45,7,47,7,62,7,0,0,0,0,0,0,0,0,0,0,0,0,14356067
20,7,21,7,0,0,0,0,0,0,0,0,0,0,0,0,0,0,0,0,14429325
12,7,61,7,0,0,0,0,0,0,0,0,0,0,0,0,0,0,0,0,14520475
22,7,22,7,27,7,37,7,44,7,46,7,54,7,59,7,61,7,64,7,14538473
12,7,20,7,0,0,0,0,0,0,0,0,0,0,0,0,0,0,0,0,14544282
4,7,7,1,44,7,58,7,0,0,0,0,0,0,0,0,0,0,0,0,14553634
2,5,6,6,0,0,0,0,0,0,0,0,0,0,0,0,0,0,0,0,14571171
18,7,21,7,58,7,64,7,0,0,0,0,0,0,0,0,0,0,0,0,14592000
3,7,21,1,27,7,59,7,0,0,0,0,0,0,0,0,0,0,0,0,14595681
11,7,12,7,27,7,37,7,44,7,52,7,0,0,0,0,0,0,0,0,14609245
20,7,0,0,0,0,0,0,0,0,0,0,0,0,0,0,0,0,0,0,14658369
4,1,0,0,0,0,0,0,0,0,0,0,0,0,0,0,0,0,0,0,14728707
21,7,45,7,51,7,62,7,0,0,0,0,0,0,0,0,0,0,0,0,14741178
21,7,45,7,47,7,64,7,0,0,0,0,0,0,0,0,0,0,0,0,14753137
21,7,47,7,54,7,0,0,0,0,0,0,0,0,0,0,0,0,0,0,14782504
3,7,12,7,18,7,54,7,0,0,0,0,0,0,0,0,0,0,0,0,14782930
18,7,54,2,0,0,0,0,0,0,0,0,0,0,0,0,0,0,0,0,14784141
12,7,0,0,0,0,0,0,0,0,0,0,0,0,0,0,0,0,0,0,14793920
3,7,9,7,44,7,51,7,54,7,64,7,0,0,0,0,0,0,0,0,14796737
1,7,12,7,0,0,0,0,0,0,0,0,0,0,0,0,0,0,0,0,14809416
51,7,54,7,62,7,0,0,0,0,0,0,0,0,0,0,0,0,0,0,14874617
12,7,17,1,20,7,27,7,45,7,47,7,61,7,62,7,0,0,0,0,14886324
20,1,0,0,0,0,0,0,0,0,0,0,0,0,0,0,0,0,0,0,14914414
12,7,0,0,0,0,0,0,0,0,0,0,0,0,0,0,0,0,0,0,14934348
3,7,61,7,0,0,0,0,0,0,0,0,0,0,0,0,0,0,0,0,15122580
4,7,20,7,0,0,0,0,0,0,0,0,0,0,0,0,0,0,0,0,15123282
45,7,51,7,54,7,62,7,0,0,0,0,0,0,0,0,0,0,0,0,15194593
11,7,52,7,0,0,0,0,0,0,0,0,0,0,0,0,0,0,0,0,15197760
12,7,18,7,46,7,53,7,64,7,0,0,0,0,0,0,0,0,0,0,15217026
3,7,4,7,12,7,59,7,0,0,0,0,0,0,0,0,0,0,0,0,15233576
44,7,51,7,54,7,64,7,0,0,0,0,0,0,0,0,0,0,0,0,15236923
60,1,61,2,0,0,0,0,0,0,0,0,0,0,0,0,0,0,0,0,15280855
18,7,46,7,55,7,59,7,0,0,0,0,0,0,0,0,0,0,0,0,15289337
9,7,54,7,59,7,0,0,0,0,0,0,0,0,0,0,0,0,0,0,15299247
12,7,27,7,44,7,45,7,0,0,0,0,0,0,0,0,0,0,0,0,15349172
3,7,4,7,40,7,44,7,50,1,58,7,0,0,0,0,0,0,0,0,15360230
3,7,54,7,0,0,0,0,0,0,0,0,0,0,0,0,0,0,0,0,15388358
28,7,47,7,61,7,0,0,0,0,0,0,0,0,0,0,0,0,0,0,15400051
44,1,54,7,0,0,0,0,0,0,0,0,0,0,0,0,0,0,0,0,15428300
18,7,46,7,59,7,0,0,0,0,0,0,0,0,0,0,0,0,0,0,15447815
7,7,53,7,0,0,0,0,0,0,0,0,0,0,0,0,0,0,0,0,15474256
12,7,19,1,0,0,0,0,0,0,0,0,0,0,0,0,0,0,0,0,15502468
4,7,9,7,40,7,51,7,54,7,59,7,64,7,0,0,0,0,0,0,15502512
3,2,18,7,51,7,0,0,0,0,0,0,0,0,0,0,0,0,0,0,15528522
20,7,0,0,0,0,0,0,0,0,0,0,0,0,0,0,0,0,0,0,15529630
18,7,51,7,54,7,62,2,0,0,0,0,0,0,0,0,0,0,0,0,15532129
18,2,54,7,0,0,0,0,0,0,0,0,0,0,0,0,0,0,0,0,15538173
33,7,43,2,0,0,0,0,0,0,0,0,0,0,0,0,0,0,0,0,15544542
16,1,40,7,0,0,0,0,0,0,0,0,0,0,0,0,0,0,0,0,15676831
12,7,22,7,54,7,0,0,0,0,0,0,0,0,0,0,0,0,0,0,15689039
3,7,4,1,9,7,0,0,0,0,0,0,0,0,0,0,0,0,0,0,15694349
6,1,12,7,21,7,45,7,46,7,47,7,62,7,0,0,0,0,0,0,15698914
20,7,21,7,45,7,47,7,54,7,0,0,0,0,0,0,0,0,0,0,15700945
3,7,12,7,23,7,46,7,54,7,0,0,0,0,0,0,0,0,0,0,15754087
1,7,10,7,12,7,20,7,0,0,0,0,0,0,0,0,0,0,0,0,15777683
45,7,51,7,0,0,0,0,0,0,0,0,0,0,0,0,0,0,0,0,15823788
46,7,59,2,0,0,0,0,0,0,0,0,0,0,0,0,0,0,0,0,15833148
9,1,22,7,22,7,27,7,47,7,51,7,54,7,0,0,0,0,0,0,15853118
10,7,52,2,61,7,0,0,0,0,0,0,0,0,0,0,0,0,0,0,15918190
47,7,51,7,54,7,0,0,0,0,0,0,0,0,0,0,0,0,0,0,15918918
20,7,25,7,0,0,0,0,0,0,0,0,0,0,0,0,0,0,0,0,15926570
3,7,9,7,20,7,45,7,0,0,0,0,0,0,0,0,0,0,0,0,15953119
9,7,12,7,18,7,27,7,44,7,64,7,0,0,0,0,0,0,0,0,15964161
13,7,56,2,0,0,0,0,0,0,0,0,0,0,0,0,0,0,0,0,16049979
4,7,33,1,0,0,0,0,0,0,0,0,0,0,0,0,0,0,0,0,16091074
27,7,58,7,0,0,0,0,0,0,0,0,0,0,0,0,0,0,0,0,16099749
12,7,21,7,0,0,0,0,0,0,0,0,0,0,0,0,0,0,0,0,16110260
21,7,28,1,46,7,47,7,0,0,0,0,0,0,0,0,0,0,0,0,16201336
27,2,0,0,0,0,0,0,0,0,0,0,0,0,0,0,0,0,0,0,16208037
46,7,59,7,0,0,0,0,0,0,0,0,0,0,0,0,0,0,0,0,16237852
21,7,45,7,46,7,62,7,0,0,0,0,0,0,0,0,0,0,0,0,16240235
20,7,58,7,60,7,0,0,0,0,0,0,0,0,0,0,0,0,0,0,16247445
45,7,47,7,62,7,0,0,0,0,0,0,0,0,0,0,0,0,0,0,16268101
45,7,51,7,54,7,0,0,0,0,0,0,0,0,0,0,0,0,0,0,16268348
46,7,58,7,59,7,0,0,0,0,0,0,0,0,0,0,0,0,0,0,16270144
47,7,0,0,0,0,0,0,0,0,0,0,0,0,0,0,0,0,0,0,16286051
21,7,22,7,46,7,47,7,51,7,54,7,62,7,0,0,0,0,0,0,16307058
58,2,0,0,0,0,0,0,0,0,0,0,0,0,0,0,0,0,0,0,16345655
18,7,54,7,59,7,0,0,0,0,0,0,0,0,0,0,0,0,0,0,16384190
3,7,12,7,61,7,0,0,0,0,0,0,0,0,0,0,0,0,0,0,16400744
23,7,44,2,0,0,0,0,0,0,0,0,0,0,0,0,0,0,0,0,16401993
44,2,58,7,0,0,0,0,0,0,0,0,0,0,0,0,0,0,0,0,16412148
4,1,45,7,46,7,54,7,55,7,61,7,64,7,0,0,0,0,0,0,16443618
20,1,0,0,0,0,0,0,0,0,0,0,0,0,0,0,0,0,0,0,16447242
3,7,45,7,54,7,62,7,0,0,0,0,0,0,0,0,0,0,0,0,16474026
22,7,46,7,62,7,0,0,0,0,0,0,0,0,0,0,0,0,0,0,16481664
3,7,20,7,28,7,0,0,0,0,0,0,0,0,0,0,0,0,0,0,16486561
20,1,44,7,54,7,0,0,0,0,0,0,0,0,0,0,0,0,0,0,16552183
45,7,54,7,0,0,0,0,0,0,0,0,0,0,0,0,0,0,0,0,16569085
8,1,61,2,0,0,0,0,0,0,0,0,0,0,0,0,0,0,0,0,16633420
3,1,12,7,20,7,61,7,0,0,0,0,0,0,0,0,0,0,0,0,16638425
44,7,54,7,0,0,0,0,0,0,0,0,0,0,0,0,0,0,0,0,16666508
20,2,60,7,63,7,0,0,0,0,0,0,0,0,0,0,0,0,0,0,16828803
4,7,15,7,53,7,58,7,0,0,0,0,0,0,0,0,0,0,0,0,16894493
23,7,47,7,62,7,0,0,0,0,0,0,0,0,0,0,0,0,0,0,16926160
58,7,63,7,0,0,0,0,0,0,0,0,0,0,0,0,0,0,0,0,16989848
9,7,46,7,0,0,0,0,0,0,0,0,0,0,0,0,0,0,0,0,16999970
3,7,4,7,18,7,37,1,0,0,0,0,0,0,0,0,0,0,0,0,17003127
12,7,0,0,0,0,0,0,0,0,0,0,0,0,0,0,0,0,0,0,17020740
18,7,0,0,0,0,0,0,0,0,0,0,0,0,0,0,0,0,0,0,17023012
52,7,61,2,0,0,0,0,0,0,0,0,0,0,0,0,0,0,0,0,17030308
12,7,44,7,45,7,47,7,0,0,0,0,0,0,0,0,0,0,0,0,17033705
3,7,9,7,51,7,0,0,0,0,0,0,0,0,0,0,0,0,0,0,17059795
20,1,46,7,54,7,0,0,0,0,0,0,0,0,0,0,0,0,0,0,17084645
6,7,12,7,19,7,20,7,0,0,0,0,0,0,0,0,0,0,0,0,17112695
4,1,27,7,54,7,0,0,0,0,0,0,0,0,0,0,0,0,0,0,17139178
4,7,9,7,13,7,0,0,0,0,0,0,0,0,0,0,0,0,0,0,17145320
18,7,44,7,46,7,54,7,59,7,0,0,0,0,0,0,0,0,0,0,17176187
51,7,54,7,62,7,0,0,0,0,0,0,0,0,0,0,0,0,0,0,17199118
3,7,9,7,18,7,0,0,0,0,0,0,0,0,0,0,0,0,0,0,17200322
3,7,20,7,35,7,44,7,54,7,61,7,0,0,0,0,0,0,0,0,17215836
3,7,12,7,18,7,22,7,44,7,0,0,0,0,0,0,0,0,0,0,17252600
45,7,51,7,0,0,0,0,0,0,0,0,0,0,0,0,0,0,0,0,17265745
20,1,54,7,0,0,0,0,0,0,0,0,0,0,0,0,0,0,0,0,17280393
27,7,52,7,61,7,0,0,0,0,0,0,0,0,0,0,0,0,0,0,17303597
11,7,21,7,62,7,0,0,0,0,0,0,0,0,0,0,0,0,0,0,17388730
21,7,45,7,51,7,54,7,62,7,0,0,0,0,0,0,0,0,0,0,17410362
12,7,27,7,45,7,47,7,0,0,0,0,0,0,0,0,0,0,0,0,17448156
10,7,12,7,0,0,0,0,0,0,0,0,0,0,0,0,0,0,0,0,17479519
8,7,9,7,10,7,12,7,24,7,26,7,52,7,61,7,64,7,0,0,17549864
38,1,54,7,0,0,0,0,0,0,0,0,0,0,0,0,0,0,0,0,17603981
44,7,54,7,0,0,0,0,0,0,0,0,0,0,0,0,0,0,0,0,17616950
46,7,54,7,59,7,0,0,0,0,0,0,0,0,0,0,0,0,0,0,17646382
12,7,26,1,61,7,0,0,0,0,0,0,0,0,0,0,0,0,0,0,17656526
21,7,22,7,44,7,47,7,63,7,0,0,0,0,0,0,0,0,0,0,17671868
27,7,44,7,45,7,62,7,0,0,0,0,0,0,0,0,0,0,0,0,17698084
12,7,23,2,36,7,0,0,0,0,0,0,0,0,0,0,0,0,0,0,17723699
11,7,12,7,20,7,0,0,0,0,0,0,0,0,0,0,0,0,0,0,17781020
12,7,14,1,20,7,46,7,0,0,0,0,0,0,0,0,0,0,0,0,17787621
3,7,18,7,0,0,0,0,0,0,0,0,0,0,0,0,0,0,0,0,17811609
3,1,18,7,54,7,0,0,0,0,0,0,0,0,0,0,0,0,0,0,17816456
4,7,53,1,0,0,0,0,0,0,0,0,0,0,0,0,0,0,0,0,17837292
4,7,12,7,33,1,58,7,0,0,0,0,0,0,0,0,0,0,0,0,17842270
12,7,27,7,61,7,62,1,64,7,0,0,0,0,0,0,0,0,0,0,17875648
22,1,45,7,46,7,0,0,0,0,0,0,0,0,0,0,0,0,0,0,17886447
22,7,22,7,45,7,47,7,62,7,0,0,0,0,0,0,0,0,0,0,17900175
3,7,21,7,45,7,51,7,62,7,0,0,0,0,0,0,0,0,0,0,17920326
8,1,22,7,27,7,52,7,0,0,0,0,0,0,0,0,0,0,0,0,17932774
4,1,22,7,38,7,47,7,54,7,62,7,0,0,0,0,0,0,0,0,17947693
18,7,20,7,21,7,46,7,51,7,62,2,0,0,0,0,0,0,0,0,17959540
56,1,0,0,0,0,0,0,0,0,0,0,0,0,0,0,0,0,0,0,17984659
20,7,44,7,0,0,0,0,0,0,0,0,0,0,0,0,0,0,0,0,18029286
20,1,27,7,45,7,46,7,47,7,0,0,0,0,0,0,0,0,0,0,18029779
4,7,12,7,18,7,19,7,61,7,0,0,0,0,0,0,0,0,0,0,18083932
21,7,51,7,62,7,0,0,0,0,0,0,0,0,0,0,0,0,0,0,18109868
12,7,20,7,28,7,44,7,54,7,0,0,0,0,0,0,0,0,0,0,18131375
7,7,16,2,33,1,53,7,0,0,0,0,0,0,0,0,0,0,0,0,18136256
22,7,22,7,27,7,52,7,61,7,0,0,0,0,0,0,0,0,0,0,18149798
21,7,22,7,45,7,46,7,59,7,62,7,0,0,0,0,0,0,0,0,18176993
22,1,25,7,0,0,0,0,0,0,0,0,0,0,0,0,0,0,0,0,18239249
18,7,46,7,59,7,0,0,0,0,0,0,0,0,0,0,0,0,0,0,18254229
20,7,21,7,62,7,64,7,0,0,0,0,0,0,0,0,0,0,0,0,18263297
9,7,28,7,46,7,0,0,0,0,0,0,0,0,0,0,0,0,0,0,18268473
12,7,18,7,51,7,0,0,0,0,0,0,0,0,0,0,0,0,0,0,18279883
57,1,60,7,0,0,0,0,0,0,0,0,0,0,0,0,0,0,0,0,18286919
13,7,0,0,0,0,0,0,0,0,0,0,0,0,0,0,0,0,0,0,18304213
22,7,41,7,63,7,0,0,0,0,0,0,0,0,0,0,0,0,0,0,18339253
21,7,47,7,0,0,0,0,0,0,0,0,0,0,0,0,0,0,0,0,18362292
18,7,21,7,47,7,54,7,0,0,0,0,0,0,0,0,0,0,0,0,18367560
45,7,61,2,0,0,0,0,0,0,0,0,0,0,0,0,0,0,0,0,18413775
2,7,0,0,0,0,0,0,0,0,0,0,0,0,0,0,0,0,0,0,18420116
46,7,59,7,0,0,0,0,0,0,0,0,0,0,0,0,0,0,0,0,18440147
50,7,58,7,0,0,0,0,0,0,0,0,0,0,0,0,0,0,0,0,18466369
27,7,52,7,61,7,0,0,0,0,0,0,0,0,0,0,0,0,0,0,18526694
3,7,8,7,38,7,46,7,52,7,61,7,0,0,0,0,0,0,0,0,18556143
27,7,46,2,51,7,54,7,0,0,0,0,0,0,0,0,0,0,0,0,18601567
13,1,20,7,21,7,22,7,46,7,0,0,0,0,0,0,0,0,0,0,18634027
18,7,22,7,59,7,0,0,0,0,0,0,0,0,0,0,0,0,0,0,18651125
27,7,28,7,0,0,0,0,0,0,0,0,0,0,0,0,0,0,0,0,18655887
2,7,19,7,20,7,25,7,44,1,0,0,0,0,0,0,0,0,0,0,18683619
2,1,3,7,9,7,12,7,18,7,0,0,0,0,0,0,0,0,0,0,18745460
3,2,22,7,22,7,54,7,0,0,0,0,0,0,0,0,0,0,0,0,18760581
4,7,35,7,0,0,0,0,0,0,0,0,0,0,0,0,0,0,0,0,18764217
3,7,12,7,19,7,20,7,27,7,44,7,0,0,0,0,0,0,0,0,18767461
4,7,9,7,12,7,37,7,0,0,0,0,0,0,0,0,0,0,0,0,18816563
12,7,20,7,27,7,44,7,54,7,59,7,0,0,0,0,0,0,0,0,18858564
20,7,0,0,0,0,0,0,0,0,0,0,0,0,0,0,0,0,0,0,18862448
1,1,45,7,62,7,0,0,0,0,0,0,0,0,0,0,0,0,0,0,18917772
3,7,12,7,61,7,0,0,0,0,0,0,0,0,0,0,0,0,0,0,18929696
22,7,22,7,0,0,0,0,0,0,0,0,0,0,0,0,0,0,0,0,18946373
18,7,20,7,0,0,0,0,0,0,0,0,0,0,0,0,0,0,0,0,18970039
4,7,7,1,27,7,0,0,0,0,0,0,0,0,0,0,0,0,0,0,19002419
22,7,34,1,0,0,0,0,0,0,0,0,0,0,0,0,0,0,0,0,19005727
18,7,50,7,0,0,0,0,0,0,0,0,0,0,0,0,0,0,0,0,19013948
4,7,5,1,9,7,12,7,61,7,0,0,0,0,0,0,0,0,0,0,19034319
46,7,62,7,0,0,0,0,0,0,0,0,0,0,0,0,0,0,0,0,19036488
45,7,47,7,62,7,0,0,0,0,0,0,0,0,0,0,0,0,0,0,19038122
27,7,28,7,61,7,0,0,0,0,0,0,0,0,0,0,0,0,0,0,19073554
3,7,51,7,64,7,0,0,0,0,0,0,0,0,0,0,0,0,0,0,19079608
12,7,22,1,0,0,0,0,0,0,0,0,0,0,0,0,0,0,0,0,19087013
61,7,0,0,0,0,0,0,0,0,0,0,0,0,0,0,0,0,0,0,19098958
1,7,2,2,20,7,0,0,0,0,0,0,0,0,0,0,0,0,0,0,19170700
5,1,9,7,37,7,0,0,0,0,0,0,0,0,0,0,0,0,0,0,19199355
21,7,45,7,54,7,62,7,0,0,0,0,0,0,0,0,0,0,0,0,19239461
22,7,45,7,51,7,62,7,64,7,0,0,0,0,0,0,0,0,0,0,19267343
13,7,39,7,0,0,0,0,0,0,0,0,0,0,0,0,0,0,0,0,19298636
21,7,22,7,22,7,54,7,61,7,62,7,63,1,0,0,0,0,0,0,19312290
4,1,0,0,0,0,0,0,0,0,0,0,0,0,0,0,0,0,0,0,19345270
8,7,12,7,52,7,0,0,0,0,0,0,0,0,0,0,0,0,0,0,19351716
20,7,44,7,58,7,0,0,0,0,0,0,0,0,0,0,0,0,0,0,19477470
4,7,58,7,0,0,0,0,0,0,0,0,0,0,0,0,0,0,0,0,19576833
27,1,46,7,0,0,0,0,0,0,0,0,0,0,0,0,0,0,0,0,19588041
11,7,12,7,14,7,18,7,20,7,28,7,40,7,46,7,64,7,0,0,19624832
12,7,18,7,51,7,54,7,62,7,64,7,0,0,0,0,0,0,0,0,19702828
4,1,18,7,51,7,54,7,0,0,0,0,0,0,0,0,0,0,0,0,19715871
8,7,10,7,52,7,0,0,0,0,0,0,0,0,0,0,0,0,0,0,19736097
61,2,0,0,0,0,0,0,0,0,0,0,0,0,0,0,0,0,0,0,19758988
28,7,0,0,0,0,0,0,0,0,0,0,0,0,0,0,0,0,0,0,19851997
20,6,40,1,61,7,0,0,0,0,0,0,0,0,0,0,0,0,0,0,19911219
12,7,20,7,27,7,0,0,0,0,0,0,0,0,0,0,0,0,0,0,19944811
21,7,45,7,54,5,62,7,0,0,0,0,0,0,0,0,0,0,0,0,19996853
54,7,63,7,0,0,0,0,0,0,0,0,0,0,0,0,0,0,0,0,20034411
3,7,21,7,54,7,58,7,0,0,0,0,0,0,0,0,0,0,0,0,20047882
20,7,0,0,0,0,0,0,0,0,0,0,0,0,0,0,0,0,0,0,20051174
22,1,46,7,59,7,0,0,0,0,0,0,0,0,0,0,0,0,0,0,20113964
12,7,22,7,63,7,0,0,0,0,0,0,0,0,0,0,0,0,0,0,20162006
12,7,37,7,63,7,0,0,0,0,0,0,0,0,0,0,0,0,0,0,20199029
12,7,27,7,56,1,0,0,0,0,0,0,0,0,0,0,0,0,0,0,20200576
21,7,45,7,47,7,62,7,63,7,64,7,0,0,0,0,0,0,0,0,20251279
22,7,46,7,59,7,0,0,0,0,0,0,0,0,0,0,0,0,0,0,20318923
27,1,45,7,0,0,0,0,0,0,0,0,0,0,0,0,0,0,0,0,20376175
37,7,50,7,58,7,0,0,0,0,0,0,0,0,0,0,0,0,0,0,20376671
3,7,9,7,0,0,0,0,0,0,0,0,0,0,0,0,0,0,0,0,20382718
44,7,0,0,0,0,0,0,0,0,0,0,0,0,0,0,0,0,0,0,20434083
46,7,55,1,0,0,0,0,0,0,0,0,0,0,0,0,0,0,0,0,20439034
21,2,45,7,47,7,62,7,0,0,0,0,0,0,0,0,0,0,0,0,20490175
27,7,47,7,54,7,62,7,0,0,0,0,0,0,0,0,0,0,0,0,20509032
12,7,18,7,20,1,61,7,0,0,0,0,0,0,0,0,0,0,0,0,20546177
4,7,15,7,0,0,0,0,0,0,0,0,0,0,0,0,0,0,0,0,20546568
20,1,0,0,0,0,0,0,0,0,0,0,0,0,0,0,0,0,0,0,20565650
45,7,62,7,0,0,0,0,0,0,0,0,0,0,0,0,0,0,0,0,20573460
12,7,27,7,37,7,46,7,0,0,0,0,0,0,0,0,0,0,0,0,20583475
3,7,18,7,54,7,59,7,0,0,0,0,0,0,0,0,0,0,0,0,20600229
12,7,22,7,26,1,46,7,0,0,0,0,0,0,0,0,0,0,0,0,20601482
3,2,18,7,0,0,0,0,0,0,0,0,0,0,0,0,0,0,0,0,20609282
50,1,54,7,0,0,0,0,0,0,0,0,0,0,0,0,0,0,0,0,20643017
45,7,46,7,51,7,62,7,63,7,0,0,0,0,0,0,0,0,0,0,20762512
12,7,61,2,0,0,0,0,0,0,0,0,0,0,0,0,0,0,0,0,20798710
6,1,0,0,0,0,0,0,0,0,0,0,0,0,0,0,0,0,0,0,20803323
22,7,27,1,46,7,47,7,51,7,54,7,0,0,0,0,0,0,0,0,20818733
21,7,45,7,51,7,0,0,0,0,0,0,0,0,0,0,0,0,0,0,20820288
45,7,51,7,62,7,0,0,0,0,0,0,0,0,0,0,0,0,0,0,20821524
18,7,59,7,0,0,0,0,0,0,0,0,0,0,0,0,0,0,0,0,20884489
2,7,38,7,52,7,0,0,0,0,0,0,0,0,0,0,0,0,0,0,20941589
4,7,15,1,59,7,0,0,0,0,0,0,0,0,0,0,0,0,0,0,20977284
22,7,52,1,0,0,0,0,0,0,0,0,0,0,0,0,0,0,0,0,21050220
3,7,18,7,46,7,54,7,0,0,0,0,0,0,0,0,0,0,0,0,21054439
20,7,27,7,61,7,0,0,0,0,0,0,0,0,0,0,0,0,0,0,21069887
4,7,18,7,0,0,0,0,0,0,0,0,0,0,0,0,0,0,0,0,21074029
37,7,51,7,0,0,0,0,0,0,0,0,0,0,0,0,0,0,0,0,21093410
61,7,0,0,0,0,0,0,0,0,0,0,0,0,0,0,0,0,0,0,21116660
21,7,45,7,47,7,62,7,0,0,0,0,0,0,0,0,0,0,0,0,21119127
3,7,18,7,54,7,0,0,0,0,0,0,0,0,0,0,0,0,0,0,21133611
3,7,4,7,18,7,0,0,0,0,0,0,0,0,0,0,0,0,0,0,21162704
10,1,12,7,20,7,61,7,0,0,0,0,0,0,0,0,0,0,0,0,21182650
9,1,27,7,45,7,0,0,0,0,0,0,0,0,0,0,0,0,0,0,21221539
4,7,53,7,0,0,0,0,0,0,0,0,0,0,0,0,0,0,0,0,21222953
18,7,19,7,22,7,47,7,0,0,0,0,0,0,0,0,0,0,0,0,21247136
6,2,19,7,0,0,0,0,0,0,0,0,0,0,0,0,0,0,0,0,21258695
6,7,57,7,0,0,0,0,0,0,0,0,0,0,0,0,0,0,0,0,21276038
27,7,40,7,0,0,0,0,0,0,0,0,0,0,0,0,0,0,0,0,21285434
6,1,44,7,54,7,0,0,0,0,0,0,0,0,0,0,0,0,0,0,21373164
9,7,14,1,0,0,0,0,0,0,0,0,0,0,0,0,0,0,0,0,21412509
58,7,59,7,0,0,0,0,0,0,0,0,0,0,0,0,0,0,0,0,21418321
51,7,54,7,61,7,0,0,0,0,0,0,0,0,0,0,0,0,0,0,21437088
22,7,47,7,62,7,64,7,0,0,0,0,0,0,0,0,0,0,0,0,21515350
27,7,46,7,47,7,51,7,54,7,0,0,0,0,0,0,0,0,0,0,21533900
61,7,0,0,0,0,0,0,0,0,0,0,0,0,0,0,0,0,0,0,21535034
4,7,12,7,24,1,61,7,0,0,0,0,0,0,0,0,0,0,0,0,21549665
17,1,64,5,0,0,0,0,0,0,0,0,0,0,0,0,0,0,0,0,21620479
21,7,22,1,54,7,0,0,0,0,0,0,0,0,0,0,0,0,0,0,21636664
4,1,46,7,0,0,0,0,0,0,0,0,0,0,0,0,0,0,0,0,21645311
3,7,4,7,9,7,0,0,0,0,0,0,0,0,0,0,0,0,0,0,21674125
11,7,56,7,0,0,0,0,0,0,0,0,0,0,0,0,0,0,0,0,21743478
22,7,45,7,47,7,51,7,0,0,0,0,0,0,0,0,0,0,0,0,21744946
18,1,46,7,51,7,0,0,0,0,0,0,0,0,0,0,0,0,0,0,21751979
23,7,56,7,0,0,0,0,0,0,0,0,0,0,0,0,0,0,0,0,21844028
44,7,54,7,0,0,0,0,0,0,0,0,0,0,0,0,0,0,0,0,21910315
45,7,47,7,54,7,0,0,0,0,0,0,0,0,0,0,0,0,0,0,21923684
8,1,12,7,20,7,27,7,0,0,0,0,0,0,0,0,0,0,0,0,21923864
21,7,22,1,45,7,51,7,54,7,0,0,0,0,0,0,0,0,0,0,21961898
3,7,12,7,18,7,20,7,0,0,0,0,0,0,0,0,0,0,0,0,22001710
45,7,51,7,0,0,0,0,0,0,0,0,0,0,0,0,0,0,0,0,22015574
3,7,18,7,54,7,0,0,0,0,0,0,0,0,0,0,0,0,0,0,22024351
21,7,47,7,62,7,0,0,0,0,0,0,0,0,0,0,0,0,0,0,22093159
45,1,51,7,54,7,59,7,0,0,0,0,0,0,0,0,0,0,0,0,22098501
20,7,0,0,0,0,0,0,0,0,0,0,0,0,0,0,0,0,0,0,22121194
4,1,12,7,0,0,0,0,0,0,0,0,0,0,0,0,0,0,0,0,22187716
21,7,45,7,47,7,51,7,64,7,0,0,0,0,0,0,0,0,0,0,22287238
45,7,51,7,54,7,62,7,0,0,0,0,0,0,0,0,0,0,0,0,22287689
9,7,12,1,51,7,59,7,0,0,0,0,0,0,0,0,0,0,0,0,22338601
45,7,51,7,54,7,0,0,0,0,0,0,0,0,0,0,0,0,0,0,22347068
12,1,47,2,0,0,0,0,0,0,0,0,0,0,0,0,0,0,0,0,22369811
61,2,0,0,0,0,0,0,0,0,0,0,0,0,0,0,0,0,0,0,22391642
45,7,62,7,0,0,0,0,0,0,0,0,0,0,0,0,0,0,0,0,22398971
52,7,54,7,61,2,0,0,0,0,0,0,0,0,0,0,0,0,0,0,22400941
35,7,37,1,0,0,0,0,0,0,0,0,0,0,0,0,0,0,0,0,22450243
2,7,19,7,20,7,0,0,0,0,0,0,0,0,0,0,0,0,0,0,22475655
22,7,33,1,46,7,59,7,63,7,0,0,0,0,0,0,0,0,0,0,22477758
2,7,47,7,0,0,0,0,0,0,0,0,0,0,0,0,0,0,0,0,22489231
27,7,0,0,0,0,0,0,0,0,0,0,0,0,0,0,0,0,0,0,22531591
2,7,28,7,51,7,63,7,64,7,0,0,0,0,0,0,0,0,0,0,22537295
3,7,4,7,0,0,0,0,0,0,0,0,0,0,0,0,0,0,0,0,22537780
21,2,45,7,46,7,47,7,54,7,62,7,0,0,0,0,0,0,0,0,22578658
3,7,7,1,9,7,0,0,0,0,0,0,0,0,0,0,0,0,0,0,22582326
6,7,39,7,0,0,0,0,0,0,0,0,0,0,0,0,0,0,0,0,22615079
3,7,8,1,51,7,61,2,0,0,0,0,0,0,0,0,0,0,0,0,22649746
11,1,12,7,0,0,0,0,0,0,0,0,0,0,0,0,0,0,0,0,22669298
3,7,20,7,46,7,51,7,0,0,0,0,0,0,0,0,0,0,0,0,22676447
33,1,0,0,0,0,0,0,0,0,0,0,0,0,0,0,0,0,0,0,22693726
52,7,61,7,0,0,0,0,0,0,0,0,0,0,0,0,0,0,0,0,22712589
51,7,54,7,62,2,0,0,0,0,0,0,0,0,0,0,0,0,0,0,22713385
28,7,0,0,0,0,0,0,0,0,0,0,0,0,0,0,0,0,0,0,22814777
1,1,20,2,0,0,0,0,0,0,0,0,0,0,0,0,0,0,0,0,22825648
13,7,23,7,56,2,0,0,0,0,0,0,0,0,0,0,0,0,0,0,22845718
3,7,44,7,58,7,0,0,0,0,0,0,0,0,0,0,0,0,0,0,22855218
12,7,20,7,22,7,59,7,61,7,0,0,0,0,0,0,0,0,0,0,22869197
61,7,0,0,0,0,0,0,0,0,0,0,0,0,0,0,0,0,0,0,22883396
3,2,4,1,0,0,0,0,0,0,0,0,0,0,0,0,0,0,0,0,22889065
20,7,21,7,46,7,47,7,0,0,0,0,0,0,0,0,0,0,0,0,22890956
46,7,61,2,0,0,0,0,0,0,0,0,0,0,0,0,0,0,0,0,22901203
2,7,31,7,42,7,0,0,0,0,0,0,0,0,0,0,0,0,0,0,22922742
3,7,18,7,51,7,0,0,0,0,0,0,0,0,0,0,0,0,0,0,22929776
21,7,62,7,0,0,0,0,0,0,0,0,0,0,0,0,0,0,0,0,22943465
10,7,18,7,52,7,61,7,0,0,0,0,0,0,0,0,0,0,0,0,23066515
9,1,45,7,62,7,0,0,0,0,0,0,0,0,0,0,0,0,0,0,23071539
21,2,41,1,0,0,0,0,0,0,0,0,0,0,0,0,0,0,0,0,23117800
11,1,12,7,27,7,61,7,0,0,0,0,0,0,0,0,0,0,0,0,23127146
38,1,61,7,0,0,0,0,0,0,0,0,0,0,0,0,0,0,0,0,23144191
12,7,53,7,0,0,0,0,0,0,0,0,0,0,0,0,0,0,0,0,23144732
29,2,49,7,0,0,0,0,0,0,0,0,0,0,0,0,0,0,0,0,23166568
23,7,0,0,0,0,0,0,0,0,0,0,0,0,0,0,0,0,0,0,23166874
18,7,64,2,0,0,0,0,0,0,0,0,0,0,0,0,0,0,0,0,23198263
62,7,0,0,0,0,0,0,0,0,0,0,0,0,0,0,0,0,0,0,23206582
12,7,20,1,22,7,27,7,46,7,54,7,0,0,0,0,0,0,0,0,23226124
4,6,9,7,0,0,0,0,0,0,0,0,0,0,0,0,0,0,0,0,23257100
20,1,21,7,22,7,47,7,54,7,0,0,0,0,0,0,0,0,0,0,23266873
18,7,22,7,46,7,0,0,0,0,0,0,0,0,0,0,0,0,0,0,23278524
22,7,45,7,47,7,0,0,0,0,0,0,0,0,0,0,0,0,0,0,23302260
3,7,12,7,45,7,51,7,54,7,0,0,0,0,0,0,0,0,0,0,23343106
22,7,22,7,44,7,54,7,59,7,0,0,0,0,0,0,0,0,0,0,23353013
9,7,28,7,55,5,0,0,0,0,0,0,0,0,0,0,0,0,0,0,23404301
6,1,40,7,46,7,59,7,63,7,0,0,0,0,0,0,0,0,0,0,23445623
4,7,9,7,40,7,59,7,0,0,0,0,0,0,0,0,0,0,0,0,23482081
45,7,62,7,0,0,0,0,0,0,0,0,0,0,0,0,0,0,0,0,23486606
12,7,26,7,27,7,0,0,0,0,0,0,0,0,0,0,0,0,0,0,23601693
3,1,45,2,0,0,0,0,0,0,0,0,0,0,0,0,0,0,0,0,23610628
63,1,0,0,0,0,0,0,0,0,0,0,0,0,0,0,0,0,0,0,23623505
3,7,12,7,18,7,0,0,0,0,0,0,0,0,0,0,0,0,0,0,23681838
18,7,54,7,61,7,0,0,0,0,0,0,0,0,0,0,0,0,0,0,23702208
45,7,46,7,54,7,62,7,0,0,0,0,0,0,0,0,0,0,0,0,23718187
4,7,9,7,18,7,0,0,0,0,0,0,0,0,0,0,0,0,0,0,23729570
22,7,0,0,0,0,0,0,0,0,0,0,0,0,0,0,0,0,0,0,23729943
51,7,54,7,0,0,0,0,0,0,0,0,0,0,0,0,0,0,0,0,23744785
2,7,13,7,20,2,60,7,0,0,0,0,0,0,0,0,0,0,0,0,23755291
22,7,27,7,46,7,61,7,64,7,0,0,0,0,0,0,0,0,0,0,23761698
20,7,27,7,28,7,36,1,44,7,0,0,0,0,0,0,0,0,0,0,23775775
12,7,18,7,22,7,54,7,61,7,64,7,0,0,0,0,0,0,0,0,23926800
9,7,18,2,0,0,0,0,0,0,0,0,0,0,0,0,0,0,0,0,23944497
20,7,0,0,0,0,0,0,0,0,0,0,0,0,0,0,0,0,0,0,23982111
3,7,0,0,0,0,0,0,0,0,0,0,0,0,0,0,0,0,0,0,24000625
3,1,13,7,0,0,0,0,0,0,0,0,0,0,0,0,0,0,0,0,24025813
9,7,12,7,18,7,45,1,0,0,0,0,0,0,0,0,0,0,0,0,24030153
12,7,18,7,20,5,0,0,0,0,0,0,0,0,0,0,0,0,0,0,24095190
3,7,4,7,18,7,0,0,0,0,0,0,0,0,0,0,0,0,0,0,24151046
52,2,61,7,0,0,0,0,0,0,0,0,0,0,0,0,0,0,0,0,24155073
13,1,0,0,0,0,0,0,0,0,0,0,0,0,0,0,0,0,0,0,24156477
3,7,44,2,59,7,0,0,0,0,0,0,0,0,0,0,0,0,0,0,24186588
11,7,12,7,17,7,0,0,0,0,0,0,0,0,0,0,0,0,0,0,24204563
2,7,28,7,51,7,63,7,0,0,0,0,0,0,0,0,0,0,0,0,24236091
20,1,21,7,22,7,47,7,51,7,54,7,63,7,0,0,0,0,0,0,24436501
22,7,44,7,54,7,58,7,59,7,0,0,0,0,0,0,0,0,0,0,24475980
16,1,0,0,0,0,0,0,0,0,0,0,0,0,0,0,0,0,0,0,24505226
41,7,0,0,0,0,0,0,0,0,0,0,0,0,0,0,0,0,0,0,24520618
2,7,21,7,22,7,38,7,46,7,55,7,57,7,60,7,0,0,0,0,24525671
21,7,22,7,27,7,47,7,54,7,0,0,0,0,0,0,0,0,0,0,24579228
21,7,44,7,62,7,0,0,0,0,0,0,0,0,0,0,0,0,0,0,24608678
12,7,18,7,20,1,0,0,0,0,0,0,0,0,0,0,0,0,0,0,24611847
1,7,11,1,12,7,22,7,61,7,0,0,0,0,0,0,0,0,0,0,24613493
4,1,12,7,54,2,63,7,0,0,0,0,0,0,0,0,0,0,0,0,24620341
46,7,51,7,62,7,0,0,0,0,0,0,0,0,0,0,0,0,0,0,24629864
11,7,50,7,0,0,0,0,0,0,0,0,0,0,0,0,0,0,0,0,24648593
44,7,46,7,54,7,59,7,0,0,0,0,0,0,0,0,0,0,0,0,24674570
45,7,51,7,62,7,0,0,0,0,0,0,0,0,0,0,0,0,0,0,24705827
22,7,27,7,0,0,0,0,0,0,0,0,0,0,0,0,0,0,0,0,24766864
23,7,27,7,41,7,44,7,0,0,0,0,0,0,0,0,0,0,0,0,24782134
21,7,45,7,46,7,51,7,54,7,59,7,0,0,0,0,0,0,0,0,24790390
19,7,0,0,0,0,0,0,0,0,0,0,0,0,0,0,0,0,0,0,24792668
21,7,44,7,46,7,51,7,54,7,59,7,0,0,0,0,0,0,0,0,24822942
22,7,54,7,59,2,0,0,0,0,0,0,0,0,0,0,0,0,0,0,24833556
12,7,20,7,37,7,52,1,0,0,0,0,0,0,0,0,0,0,0,0,24851417
12,7,18,7,46,7,51,7,54,7,55,7,64,7,0,0,0,0,0,0,24857290
29,7,38,7,0,0,0,0,0,0,0,0,0,0,0,0,0,0,0,0,24866484
4,7,5,1,0,0,0,0,0,0,0,0,0,0,0,0,0,0,0,0,24868405
2,7,16,2,33,7,53,1,0,0,0,0,0,0,0,0,0,0,0,0,24881598
9,7,12,7,27,7,28,1,0,0,0,0,0,0,0,0,0,0,0,0,24888477
3,7,47,7,0,0,0,0,0,0,0,0,0,0,0,0,0,0,0,0,24905053
21,7,22,7,59,7,0,0,0,0,0,0,0,0,0,0,0,0,0,0,25517851
3,7,4,1,9,7,12,7,18,7,27,7,45,7,61,7,0,0,0,0,25535541
4,1,12,7,18,7,27,7,61,7,0,0,0,0,0,0,0,0,0,0,25563140
20,7,45,7,51,7,0,0,0,0,0,0,0,0,0,0,0,0,0,0,25570253
21,7,45,7,62,7,0,0,0,0,0,0,0,0,0,0,0,0,0,0,25591156
4,7,9,7,11,7,18,7,61,7,0,0,0,0,0,0,0,0,0,0,25767196
9,7,12,7,20,7,0,0,0,0,0,0,0,0,0,0,0,0,0,0,25834187
8,7,26,7,0,0,0,0,0,0,0,0,0,0,0,0,0,0,0,0,26046736
12,7,18,7,22,7,63,7,0,0,0,0,0,0,0,0,0,0,0,0,26074200
