28,1,45,7,0,0,0,0,0,0,0,0,0,0,0,0,0,0,0,0,0,0,0,0,25566985
12,7,20,7,23,7,0,0,0,0,0,0,0,0,0,0,0,0,0,0,0,0,0,0,25582325
45,2,46,7,0,0,0,0,0,0,0,0,0,0,0,0,0,0,0,0,0,0,0,0,25583491
26,7,55,7,0,0,0,0,0,0,0,0,0,0,0,0,0,0,0,0,0,0,0,0,25585545
4,2,7,7,0,0,0,0,0,0,0,0,0,0,0,0,0,0,0,0,0,0,0,0,25589051
12,7,22,7,45,7,65,7,0,0,0,0,0,0,0,0,0,0,0,0,0,0,0,0,25645900
5,7,20,7,38,7,41,7,47,7,50,1,59,7,0,0,0,0,0,0,0,0,0,0,25646766
64,1,0,0,0,0,0,0,0,0,0,0,0,0,0,0,0,0,0,0,0,0,0,0,25647476
12,7,20,7,22,7,29,7,53,7,62,7,64,7,65,7,0,0,0,0,0,0,0,0,25647993
9,2,0,0,0,0,0,0,0,0,0,0,0,0,0,0,0,0,0,0,0,0,0,0,25648579
22,7,45,7,0,0,0,0,0,0,0,0,0,0,0,0,0,0,0,0,0,0,0,0,25649345
20,7,35,7,0,0,0,0,0,0,0,0,0,0,0,0,0,0,0,0,0,0,0,0,25649842
12,7,22,7,60,7,62,7,0,0,0,0,0,0,0,0,0,0,0,0,0,0,0,0,25651745
12,7,20,1,37,7,62,7,0,0,0,0,0,0,0,0,0,0,0,0,0,0,0,0,25652221
13,1,19,7,25,7,55,7,0,0,0,0,0,0,0,0,0,0,0,0,0,0,0,0,25652297
4,7,59,7,0,0,0,0,0,0,0,0,0,0,0,0,0,0,0,0,0,0,0,0,25653846
12,7,21,7,62,2,0,0,0,0,0,0,0,0,0,0,0,0,0,0,0,0,0,0,25655300
28,7,59,7,0,0,0,0,0,0,0,0,0,0,0,0,0,0,0,0,0,0,0,0,25655817
54,7,66,7,0,0,0,0,0,0,0,0,0,0,0,0,0,0,0,0,0,0,0,0,25655859
2,7,6,1,20,7,0,0,0,0,0,0,0,0,0,0,0,0,0,0,0,0,0,0,25656227
4,2,52,7,63,7,0,0,0,0,0,0,0,0,0,0,0,0,0,0,0,0,0,0,25656946
22,7,46,7,56,7,60,7,63,7,0,0,0,0,0,0,0,0,0,0,0,0,0,0,25657091
3,2,9,1,18,7,0,0,0,0,0,0,0,0,0,0,0,0,0,0,0,0,0,0,25657190
51,2,61,7,0,0,0,0,0,0,0,0,0,0,0,0,0,0,0,0,0,0,0,0,25657289
9,7,52,7,55,7,65,7,0,0,0,0,0,0,0,0,0,0,0,0,0,0,0,0,25658623
29,7,55,7,0,0,0,0,0,0,0,0,0,0,0,0,0,0,0,0,0,0,0,0,25659268
9,7,55,7,60,2,0,0,0,0,0,0,0,0,0,0,0,0,0,0,0,0,0,0,25659668
6,1,0,0,0,0,0,0,0,0,0,0,0,0,0,0,0,0,0,0,0,0,0,0,25659681
62,2,0,0,0,0,0,0,0,0,0,0,0,0,0,0,0,0,0,0,0,0,0,0,25659815
3,2,60,7,0,0,0,0,0,0,0,0,0,0,0,0,0,0,0,0,0,0,0,0,25659910
21,7,47,7,0,0,0,0,0,0,0,0,0,0,0,0,0,0,0,0,0,0,0,0,25659956
9,7,12,7,0,0,0,0,0,0,0,0,0,0,0,0,0,0,0,0,0,0,0,0,25660272
46,7,52,7,0,0,0,0,0,0,0,0,0,0,0,0,0,0,0,0,0,0,0,0,25661627
44,7,55,7,62,7,0,0,0,0,0,0,0,0,0,0,0,0,0,0,0,0,0,0,25661959
20,1,22,7,46,7,0,0,0,0,0,0,0,0,0,0,0,0,0,0,0,0,0,0,25662007
47,7,0,0,0,0,0,0,0,0,0,0,0,0,0,0,0,0,0,0,0,0,0,0,25662084
4,7,9,7,28,7,29,7,0,0,0,0,0,0,0,0,0,0,0,0,0,0,0,0,25662098
20,7,0,0,0,0,0,0,0,0,0,0,0,0,0,0,0,0,0,0,0,0,0,0,25662278
18,1,45,7,55,7,0,0,0,0,0,0,0,0,0,0,0,0,0,0,0,0,0,0,25662520
62,7,0,0,0,0,0,0,0,0,0,0,0,0,0,0,0,0,0,0,0,0,0,0,25662566
23,7,36,7,0,0,0,0,0,0,0,0,0,0,0,0,0,0,0,0,0,0,0,0,25663070
23,7,36,7,0,0,0,0,0,0,0,0,0,0,0,0,0,0,0,0,0,0,0,0,25663358
20,1,63,7,65,7,0,0,0,0,0,0,0,0,0,0,0,0,0,0,0,0,0,0,25664306
12,7,28,7,0,0,0,0,0,0,0,0,0,0,0,0,0,0,0,0,0,0,0,0,25664572
4,1,0,0,0,0,0,0,0,0,0,0,0,0,0,0,0,0,0,0,0,0,0,0,25665577
6,7,12,7,28,7,36,1,0,0,0,0,0,0,0,0,0,0,0,0,0,0,0,0,25665771
20,7,23,7,26,7,0,0,0,0,0,0,0,0,0,0,0,0,0,0,0,0,0,0,25666375
35,7,62,7,63,7,0,0,0,0,0,0,0,0,0,0,0,0,0,0,0,0,0,0,25666880
12,2,53,7,62,7,0,0,0,0,0,0,0,0,0,0,0,0,0,0,0,0,0,0,25666883
18,1,19,7,25,7,28,7,0,0,0,0,0,0,0,0,0,0,0,0,0,0,0,0,25667256
28,1,45,5,0,0,0,0,0,0,0,0,0,0,0,0,0,0,0,0,0,0,0,0,25667402
20,7,37,7,56,7,0,0,0,0,0,0,0,0,0,0,0,0,0,0,0,0,0,0,25667747
23,7,61,7,0,0,0,0,0,0,0,0,0,0,0,0,0,0,0,0,0,0,0,0,25668841
41,7,58,1,0,0,0,0,0,0,0,0,0,0,0,0,0,0,0,0,0,0,0,0,25668867
22,7,26,7,44,7,45,7,47,7,0,0,0,0,0,0,0,0,0,0,0,0,0,0,25669541
21,7,22,7,45,7,52,7,55,7,63,7,0,0,0,0,0,0,0,0,0,0,0,0,25671736
52,7,55,2,0,0,0,0,0,0,0,0,0,0,0,0,0,0,0,0,0,0,0,0,25671738
9,7,28,7,57,7,65,7,0,0,0,0,0,0,0,0,0,0,0,0,0,0,0,0,25671902
62,7,0,0,0,0,0,0,0,0,0,0,0,0,0,0,0,0,0,0,0,0,0,0,25672833
19,7,22,7,25,7,46,7,52,7,59,7,0,0,0,0,0,0,0,0,0,0,0,0,25673484
13,1,63,7,0,0,0,0,0,0,0,0,0,0,0,0,0,0,0,0,0,0,0,0,25674455
19,1,0,0,0,0,0,0,0,0,0,0,0,0,0,0,0,0,0,0,0,0,0,0,25674805
12,7,26,7,44,7,46,7,60,7,0,0,0,0,0,0,0,0,0,0,0,0,0,0,25675605
22,7,22,7,60,7,0,0,0,0,0,0,0,0,0,0,0,0,0,0,0,0,0,0,25675638
9,7,12,7,22,7,26,7,46,7,55,7,0,0,0,0,0,0,0,0,0,0,0,0,25676453
1,1,46,7,55,7,56,7,63,7,0,0,0,0,0,0,0,0,0,0,0,0,0,0,25676679
28,1,55,7,0,0,0,0,0,0,0,0,0,0,0,0,0,0,0,0,0,0,0,0,25678662
45,7,62,2,0,0,0,0,0,0,0,0,0,0,0,0,0,0,0,0,0,0,0,0,25679004
44,7,45,7,52,7,55,7,63,7,0,0,0,0,0,0,0,0,0,0,0,0,0,0,25679029
22,2,26,7,0,0,0,0,0,0,0,0,0,0,0,0,0,0,0,0,0,0,0,0,25679162
20,1,47,7,63,7,0,0,0,0,0,0,0,0,0,0,0,0,0,0,0,0,0,0,25679840
20,7,26,7,46,7,55,7,63,7,0,0,0,0,0,0,0,0,0,0,0,0,0,0,25680034
21,7,22,7,45,7,52,7,53,7,0,0,0,0,0,0,0,0,0,0,0,0,0,0,25680678
55,7,59,2,0,0,0,0,0,0,0,0,0,0,0,0,0,0,0,0,0,0,0,0,25680757
26,7,64,7,65,7,0,0,0,0,0,0,0,0,0,0,0,0,0,0,0,0,0,0,25681026
29,2,41,7,0,0,0,0,0,0,0,0,0,0,0,0,0,0,0,0,0,0,0,0,25681399
29,7,0,0,0,0,0,0,0,0,0,0,0,0,0,0,0,0,0,0,0,0,0,0,25682440
20,1,22,7,55,7,60,7,0,0,0,0,0,0,0,0,0,0,0,0,0,0,0,0,25682890
21,7,44,7,63,7,0,0,0,0,0,0,0,0,0,0,0,0,0,0,0,0,0,0,25682941
55,7,0,0,0,0,0,0,0,0,0,0,0,0,0,0,0,0,0,0,0,0,0,0,25683811
3,7,55,7,0,0,0,0,0,0,0,0,0,0,0,0,0,0,0,0,0,0,0,0,25685134
45,7,63,1,0,0,0,0,0,0,0,0,0,0,0,0,0,0,0,0,0,0,0,0,25685786
20,7,26,7,62,7,0,0,0,0,0,0,0,0,0,0,0,0,0,0,0,0,0,0,25686253
3,7,9,7,18,7,46,7,55,7,59,1,63,7,0,0,0,0,0,0,0,0,0,0,25686337
9,1,26,7,28,7,55,7,0,0,0,0,0,0,0,0,0,0,0,0,0,0,0,0,25686444
21,7,26,7,45,7,52,7,0,0,0,0,0,0,0,0,0,0,0,0,0,0,0,0,25686750
63,7,64,1,0,0,0,0,0,0,0,0,0,0,0,0,0,0,0,0,0,0,0,0,25687193
45,7,52,7,55,7,63,7,0,0,0,0,0,0,0,0,0,0,0,0,0,0,0,0,25687231
18,1,45,7,55,7,0,0,0,0,0,0,0,0,0,0,0,0,0,0,0,0,0,0,25687285
46,7,59,1,63,7,0,0,0,0,0,0,0,0,0,0,0,0,0,0,0,0,0,0,25687438
12,7,44,7,53,1,0,0,0,0,0,0,0,0,0,0,0,0,0,0,0,0,0,0,25687459
46,7,55,7,60,7,0,0,0,0,0,0,0,0,0,0,0,0,0,0,0,0,0,0,25688018
12,7,53,7,62,7,0,0,0,0,0,0,0,0,0,0,0,0,0,0,0,0,0,0,25688774
18,7,37,7,52,7,55,7,64,7,65,7,0,0,0,0,0,0,0,0,0,0,0,0,25688829
23,7,52,7,55,7,0,0,0,0,0,0,0,0,0,0,0,0,0,0,0,0,0,0,25689062
12,1,63,7,0,0,0,0,0,0,0,0,0,0,0,0,0,0,0,0,0,0,0,0,25689555
18,1,21,7,45,7,60,7,0,0,0,0,0,0,0,0,0,0,0,0,0,0,0,0,25689647
62,7,0,0,0,0,0,0,0,0,0,0,0,0,0,0,0,0,0,0,0,0,0,0,25689755
8,1,28,7,53,7,62,7,0,0,0,0,0,0,0,0,0,0,0,0,0,0,0,0,25690041
12,7,28,7,53,1,62,7,0,0,0,0,0,0,0,0,0,0,0,0,0,0,0,0,25691033
23,7,26,7,0,0,0,0,0,0,0,0,0,0,0,0,0,0,0,0,0,0,0,0,25691999
24,7,0,0,0,0,0,0,0,0,0,0,0,0,0,0,0,0,0,0,0,0,0,0,25692138
59,7,0,0,0,0,0,0,0,0,0,0,0,0,0,0,0,0,0,0,0,0,0,0,25693620
56,7,64,7,65,7,0,0,0,0,0,0,0,0,0,0,0,0,0,0,0,0,0,0,25693865
46,7,56,7,60,7,0,0,0,0,0,0,0,0,0,0,0,0,0,0,0,0,0,0,25695034
12,1,0,0,0,0,0,0,0,0,0,0,0,0,0,0,0,0,0,0,0,0,0,0,25695495
20,1,58,7,61,7,65,7,0,0,0,0,0,0,0,0,0,0,0,0,0,0,0,0,25695686
26,7,63,7,0,0,0,0,0,0,0,0,0,0,0,0,0,0,0,0,0,0,0,0,25697495
9,7,20,7,22,7,46,7,66,7,0,0,0,0,0,0,0,0,0,0,0,0,0,0,25697807
4,1,26,7,55,7,0,0,0,0,0,0,0,0,0,0,0,0,0,0,0,0,0,0,25697836
50,1,55,2,0,0,0,0,0,0,0,0,0,0,0,0,0,0,0,0,0,0,0,0,25698087
2,7,8,1,20,7,26,7,29,7,0,0,0,0,0,0,0,0,0,0,0,0,0,0,25698245
25,7,58,7,0,0,0,0,0,0,0,0,0,0,0,0,0,0,0,0,0,0,0,0,25698430
1,1,0,0,0,0,0,0,0,0,0,0,0,0,0,0,0,0,0,0,0,0,0,0,25698623
59,1,0,0,0,0,0,0,0,0,0,0,0,0,0,0,0,0,0,0,0,0,0,0,25699173
41,1,45,7,47,7,52,7,63,7,0,0,0,0,0,0,0,0,0,0,0,0,0,0,25716272
23,7,51,7,0,0,0,0,0,0,0,0,0,0,0,0,0,0,0,0,0,0,0,0,25716336
18,7,59,7,0,0,0,0,0,0,0,0,0,0,0,0,0,0,0,0,0,0,0,0,25716471
26,7,47,7,55,7,0,0,0,0,0,0,0,0,0,0,0,0,0,0,0,0,0,0,25716519
47,7,61,7,0,0,0,0,0,0,0,0,0,0,0,0,0,0,0,0,0,0,0,0,25716929
9,2,28,7,62,7,65,7,0,0,0,0,0,0,0,0,0,0,0,0,0,0,0,0,25717327
45,7,46,7,47,7,63,7,0,0,0,0,0,0,0,0,0,0,0,0,0,0,0,0,25718168
21,7,64,1,0,0,0,0,0,0,0,0,0,0,0,0,0,0,0,0,0,0,0,0,25718294
12,7,26,7,45,7,0,0,0,0,0,0,0,0,0,0,0,0,0,0,0,0,0,0,25718713
3,7,12,7,21,7,26,7,45,7,46,7,47,7,60,7,63,7,65,7,0,0,0,0,25719084
24,2,53,7,0,0,0,0,0,0,0,0,0,0,0,0,0,0,0,0,0,0,0,0,25719557
25,1,26,7,0,0,0,0,0,0,0,0,0,0,0,0,0,0,0,0,0,0,0,0,25720171
4,2,60,7,0,0,0,0,0,0,0,0,0,0,0,0,0,0,0,0,0,0,0,0,25720318
9,7,12,7,27,1,62,7,0,0,0,0,0,0,0,0,0,0,0,0,0,0,0,0,25720696
7,1,16,7,37,7,40,7,0,0,0,0,0,0,0,0,0,0,0,0,0,0,0,0,25720783
26,7,62,7,0,0,0,0,0,0,0,0,0,0,0,0,0,0,0,0,0,0,0,0,25721865
2,7,20,7,26,7,28,1,47,7,0,0,0,0,0,0,0,0,0,0,0,0,0,0,25722529
20,1,27,7,62,7,0,0,0,0,0,0,0,0,0,0,0,0,0,0,0,0,0,0,25722585
21,7,22,7,45,7,47,7,63,7,0,0,0,0,0,0,0,0,0,0,0,0,0,0,25722777
4,2,9,7,37,7,0,0,0,0,0,0,0,0,0,0,0,0,0,0,0,0,0,0,25723148
40,2,0,0,0,0,0,0,0,0,0,0,0,0,0,0,0,0,0,0,0,0,0,0,25723343
63,7,65,7,0,0,0,0,0,0,0,0,0,0,0,0,0,0,0,0,0,0,0,0,25724115
20,7,37,7,53,1,60,7,0,0,0,0,0,0,0,0,0,0,0,0,0,0,0,0,25724211
16,7,40,7,54,1,0,0,0,0,0,0,0,0,0,0,0,0,0,0,0,0,0,0,25724405
4,7,9,2,0,0,0,0,0,0,0,0,0,0,0,0,0,0,0,0,0,0,0,0,25724798
65,7,66,7,66,7,0,0,0,0,0,0,0,0,0,0,0,0,0,0,0,0,0,0,25724915
23,7,44,7,65,7,0,0,0,0,0,0,0,0,0,0,0,0,0,0,0,0,0,0,25725287
12,1,45,7,63,7,0,0,0,0,0,0,0,0,0,0,0,0,0,0,0,0,0,0,25725809
53,7,62,2,0,0,0,0,0,0,0,0,0,0,0,0,0,0,0,0,0,0,0,0,25725917
4,6,9,7,0,0,0,0,0,0,0,0,0,0,0,0,0,0,0,0,0,0,0,0,25726990
54,1,55,2,0,0,0,0,0,0,0,0,0,0,0,0,0,0,0,0,0,0,0,0,25727508
46,7,52,7,55,7,60,7,0,0,0,0,0,0,0,0,0,0,0,0,0,0,0,0,25727549
17,1,0,0,0,0,0,0,0,0,0,0,0,0,0,0,0,0,0,0,0,0,0,0,25727819
55,7,62,7,65,7,0,0,0,0,0,0,0,0,0,0,0,0,0,0,0,0,0,0,25727991
12,7,26,7,45,7,0,0,0,0,0,0,0,0,0,0,0,0,0,0,0,0,0,0,25728092
3,7,26,7,47,1,55,7,0,0,0,0,0,0,0,0,0,0,0,0,0,0,0,0,25728433
46,7,54,1,55,7,56,7,0,0,0,0,0,0,0,0,0,0,0,0,0,0,0,0,25729146
14,1,20,7,29,7,0,0,0,0,0,0,0,0,0,0,0,0,0,0,0,0,0,0,25729180
9,2,18,7,0,0,0,0,0,0,0,0,0,0,0,0,0,0,0,0,0,0,0,0,25729556
21,7,45,1,0,0,0,0,0,0,0,0,0,0,0,0,0,0,0,0,0,0,0,0,25730013
3,7,20,7,52,7,55,7,59,7,62,7,0,0,0,0,0,0,0,0,0,0,0,0,25730109
26,7,44,7,46,7,52,7,55,7,56,7,64,7,65,7,0,0,0,0,0,0,0,0,25730800
1,1,26,7,29,7,35,7,46,7,63,7,0,0,0,0,0,0,0,0,0,0,0,0,25731158
60,2,0,0,0,0,0,0,0,0,0,0,0,0,0,0,0,0,0,0,0,0,0,0,25731190
3,7,55,2,0,0,0,0,0,0,0,0,0,0,0,0,0,0,0,0,0,0,0,0,25731516
52,7,55,7,0,0,0,0,0,0,0,0,0,0,0,0,0,0,0,0,0,0,0,0,25731734
33,1,44,7,0,0,0,0,0,0,0,0,0,0,0,0,0,0,0,0,0,0,0,0,25731904
26,7,28,7,53,1,64,7,0,0,0,0,0,0,0,0,0,0,0,0,0,0,0,0,25731961
21,7,45,7,47,7,52,7,63,7,0,0,0,0,0,0,0,0,0,0,0,0,0,0,25732000
44,1,60,7,0,0,0,0,0,0,0,0,0,0,0,0,0,0,0,0,0,0,0,0,25732066
20,7,0,0,0,0,0,0,0,0,0,0,0,0,0,0,0,0,0,0,0,0,0,0,25732911
3,7,9,7,18,7,55,7,62,7,0,0,0,0,0,0,0,0,0,0,0,0,0,0,25732992
17,1,0,0,0,0,0,0,0,0,0,0,0,0,0,0,0,0,0,0,0,0,0,0,25733177
26,7,55,2,0,0,0,0,0,0,0,0,0,0,0,0,0,0,0,0,0,0,0,0,25769455
20,7,21,7,26,7,45,7,62,7,63,7,0,0,0,0,0,0,0,0,0,0,0,0,25769999
44,7,59,7,64,7,66,7,0,0,0,0,0,0,0,0,0,0,0,0,0,0,0,0,25770932
46,7,55,7,0,0,0,0,0,0,0,0,0,0,0,0,0,0,0,0,0,0,0,0,25771001
2,7,25,7,59,7,0,0,0,0,0,0,0,0,0,0,0,0,0,0,0,0,0,0,25771201
20,7,21,7,22,7,22,7,46,7,47,7,55,2,63,7,0,0,0,0,0,0,0,0,25771862
12,7,18,7,26,7,0,0,0,0,0,0,0,0,0,0,0,0,0,0,0,0,0,0,25772358
4,7,18,7,0,0,0,0,0,0,0,0,0,0,0,0,0,0,0,0,0,0,0,0,25772403
22,7,46,7,63,7,0,0,0,0,0,0,0,0,0,0,0,0,0,0,0,0,0,0,25773614
18,7,25,7,0,0,0,0,0,0,0,0,0,0,0,0,0,0,0,0,0,0,0,0,25775355
19,7,20,7,25,7,28,7,0,0,0,0,0,0,0,0,0,0,0,0,0,0,0,0,25775465
28,1,0,0,0,0,0,0,0,0,0,0,0,0,0,0,0,0,0,0,0,0,0,0,25776308
12,7,53,1,62,2,0,0,0,0,0,0,0,0,0,0,0,0,0,0,0,0,0,0,25776527
19,7,51,1,61,7,0,0,0,0,0,0,0,0,0,0,0,0,0,0,0,0,0,0,25777139
12,7,19,7,22,7,38,7,55,7,0,0,0,0,0,0,0,0,0,0,0,0,0,0,25777383
46,7,56,2,0,0,0,0,0,0,0,0,0,0,0,0,0,0,0,0,0,0,0,0,25778609
7,7,33,7,0,0,0,0,0,0,0,0,0,0,0,0,0,0,0,0,0,0,0,0,25779435
12,1,45,7,52,7,55,7,59,7,63,7,0,0,0,0,0,0,0,0,0,0,0,0,25780778
39,1,0,0,0,0,0,0,0,0,0,0,0,0,0,0,0,0,0,0,0,0,0,0,25780898
16,7,33,2,54,7,0,0,0,0,0,0,0,0,0,0,0,0,0,0,0,0,0,0,25781471
55,7,60,2,0,0,0,0,0,0,0,0,0,0,0,0,0,0,0,0,0,0,0,0,25781841
53,1,55,7,62,7,0,0,0,0,0,0,0,0,0,0,0,0,0,0,0,0,0,0,25877028
9,7,28,7,59,1,0,0,0,0,0,0,0,0,0,0,0,0,0,0,0,0,0,0,25877120
4,1,25,2,0,0,0,0,0,0,0,0,0,0,0,0,0,0,0,0,0,0,0,0,25878016
62,7,0,0,0,0,0,0,0,0,0,0,0,0,0,0,0,0,0,0,0,0,0,0,25879016
26,7,46,7,52,7,63,7,64,7,0,0,0,0,0,0,0,0,0,0,0,0,0,0,25879358
21,7,29,7,44,7,45,7,52,7,63,7,64,7,0,0,0,0,0,0,0,0,0,0,25879879
8,7,53,7,0,0,0,0,0,0,0,0,0,0,0,0,0,0,0,0,0,0,0,0,25883026
11,1,20,7,26,7,28,7,47,7,0,0,0,0,0,0,0,0,0,0,0,0,0,0,25884026
21,2,47,7,0,0,0,0,0,0,0,0,0,0,0,0,0,0,0,0,0,0,0,0,25884185
20,7,0,0,0,0,0,0,0,0,0,0,0,0,0,0,0,0,0,0,0,0,0,0,25884584
22,7,26,7,45,7,47,7,0,0,0,0,0,0,0,0,0,0,0,0,0,0,0,0,25885876
33,7,37,7,43,7,0,0,0,0,0,0,0,0,0,0,0,0,0,0,0,0,0,0,25885976
12,7,40,7,55,7,60,7,0,0,0,0,0,0,0,0,0,0,0,0,0,0,0,0,25888140
29,7,66,7,0,0,0,0,0,0,0,0,0,0,0,0,0,0,0,0,0,0,0,0,25888742
26,7,45,7,46,7,0,0,0,0,0,0,0,0,0,0,0,0,0,0,0,0,0,0,25888859
4,6,44,1,0,0,0,0,0,0,0,0,0,0,0,0,0,0,0,0,0,0,0,0,25889464
58,1,0,0,0,0,0,0,0,0,0,0,0,0,0,0,0,0,0,0,0,0,0,0,25892191
62,7,64,1,0,0,0,0,0,0,0,0,0,0,0,0,0,0,0,0,0,0,0,0,25893972
19,1,55,7,0,0,0,0,0,0,0,0,0,0,0,0,0,0,0,0,0,0,0,0,25894434
26,7,44,7,55,7,59,7,0,0,0,0,0,0,0,0,0,0,0,0,0,0,0,0,25894563
22,7,55,7,0,0,0,0,0,0,0,0,0,0,0,0,0,0,0,0,0,0,0,0,25895376
26,7,41,1,63,7,0,0,0,0,0,0,0,0,0,0,0,0,0,0,0,0,0,0,25896562
8,7,62,2,0,0,0,0,0,0,0,0,0,0,0,0,0,0,0,0,0,0,0,0,25897199
44,7,51,7,62,7,64,7,65,7,0,0,0,0,0,0,0,0,0,0,0,0,0,0,25897552
26,7,44,7,59,7,66,7,0,0,0,0,0,0,0,0,0,0,0,0,0,0,0,0,25898714
45,7,46,7,52,7,55,7,0,0,0,0,0,0,0,0,0,0,0,0,0,0,0,0,25898933
12,7,20,7,26,7,46,7,55,7,0,0,0,0,0,0,0,0,0,0,0,0,0,0,25898962
19,1,0,0,0,0,0,0,0,0,0,0,0,0,0,0,0,0,0,0,0,0,0,0,25899449
1,7,2,7,0,0,0,0,0,0,0,0,0,0,0,0,0,0,0,0,0,0,0,0,25899848
44,7,59,2,0,0,0,0,0,0,0,0,0,0,0,0,0,0,0,0,0,0,0,0,25900871
22,1,26,7,45,7,63,7,0,0,0,0,0,0,0,0,0,0,0,0,0,0,0,0,25901403
38,7,59,7,0,0,0,0,0,0,0,0,0,0,0,0,0,0,0,0,0,0,0,0,25902882
2,7,11,7,0,0,0,0,0,0,0,0,0,0,0,0,0,0,0,0,0,0,0,0,25903745
21,1,46,7,55,7,0,0,0,0,0,0,0,0,0,0,0,0,0,0,0,0,0,0,25904257
26,7,28,7,55,7,0,0,0,0,0,0,0,0,0,0,0,0,0,0,0,0,0,0,25904902
6,7,36,1,0,0,0,0,0,0,0,0,0,0,0,0,0,0,0,0,0,0,0,0,25906241
20,1,47,7,0,0,0,0,0,0,0,0,0,0,0,0,0,0,0,0,0,0,0,0,25906445
33,7,37,7,43,7,0,0,0,0,0,0,0,0,0,0,0,0,0,0,0,0,0,0,25906499
2,7,20,7,25,7,42,1,0,0,0,0,0,0,0,0,0,0,0,0,0,0,0,0,25906595
66,7,0,0,0,0,0,0,0,0,0,0,0,0,0,0,0,0,0,0,0,0,0,0,25909805
26,7,45,7,63,7,0,0,0,0,0,0,0,0,0,0,0,0,0,0,0,0,0,0,25911130
21,7,65,7,0,0,0,0,0,0,0,0,0,0,0,0,0,0,0,0,0,0,0,0,25911526
5,7,13,7,20,7,57,7,66,7,0,0,0,0,0,0,0,0,0,0,0,0,0,0,25912375
12,7,20,7,26,7,46,7,50,1,52,7,55,7,60,7,0,0,0,0,0,0,0,0,25912974
10,1,21,7,22,7,26,7,45,7,60,7,62,7,0,0,0,0,0,0,0,0,0,0,25913038
21,7,45,7,52,7,63,7,0,0,0,0,0,0,0,0,0,0,0,0,0,0,0,0,25913225
25,1,26,7,44,7,46,6,0,0,0,0,0,0,0,0,0,0,0,0,0,0,0,0,25914978
22,7,22,7,52,7,55,7,0,0,0,0,0,0,0,0,0,0,0,0,0,0,0,0,25915195
22,7,28,1,46,7,0,0,0,0,0,0,0,0,0,0,0,0,0,0,0,0,0,0,25915475
16,7,0,0,0,0,0,0,0,0,0,0,0,0,0,0,0,0,0,0,0,0,0,0,25916933
62,7,0,0,0,0,0,0,0,0,0,0,0,0,0,0,0,0,0,0,0,0,0,0,25917177
20,1,22,7,26,7,44,7,46,7,55,7,0,0,0,0,0,0,0,0,0,0,0,0,25918318
20,1,37,7,46,7,55,7,0,0,0,0,0,0,0,0,0,0,0,0,0,0,0,0,25918648
26,7,55,7,60,7,0,0,0,0,0,0,0,0,0,0,0,0,0,0,0,0,0,0,25919253
62,7,0,0,0,0,0,0,0,0,0,0,0,0,0,0,0,0,0,0,0,0,0,0,25919709
4,1,55,7,0,0,0,0,0,0,0,0,0,0,0,0,0,0,0,0,0,0,0,0,25919766
10,1,26,7,28,7,0,0,0,0,0,0,0,0,0,0,0,0,0,0,0,0,0,0,25920181
53,7,62,2,0,0,0,0,0,0,0,0,0,0,0,0,0,0,0,0,0,0,0,0,25920627
20,2,29,7,0,0,0,0,0,0,0,0,0,0,0,0,0,0,0,0,0,0,0,0,25920920
21,7,47,7,0,0,0,0,0,0,0,0,0,0,0,0,0,0,0,0,0,0,0,0,25921382
22,7,62,2,0,0,0,0,0,0,0,0,0,0,0,0,0,0,0,0,0,0,0,0,25922149
38,7,44,7,0,0,0,0,0,0,0,0,0,0,0,0,0,0,0,0,0,0,0,0,25923731
6,1,0,0,0,0,0,0,0,0,0,0,0,0,0,0,0,0,0,0,0,0,0,0,25924536
1,7,2,7,12,7,0,0,0,0,0,0,0,0,0,0,0,0,0,0,0,0,0,0,25925964
26,7,44,1,0,0,0,0,0,0,0,0,0,0,0,0,0,0,0,0,0,0,0,0,25926807
8,1,0,0,0,0,0,0,0,0,0,0,0,0,0,0,0,0,0,0,0,0,0,0,25927034
28,2,46,7,0,0,0,0,0,0,0,0,0,0,0,0,0,0,0,0,0,0,0,0,25927603
21,7,22,7,45,7,63,7,0,0,0,0,0,0,0,0,0,0,0,0,0,0,0,0,25928069
20,1,21,7,45,7,47,7,52,7,0,0,0,0,0,0,0,0,0,0,0,0,0,0,25928283
15,7,16,2,0,0,0,0,0,0,0,0,0,0,0,0,0,0,0,0,0,0,0,0,25928924
28,7,29,1,64,7,0,0,0,0,0,0,0,0,0,0,0,0,0,0,0,0,0,0,25929298
1,7,45,7,0,0,0,0,0,0,0,0,0,0,0,0,0,0,0,0,0,0,0,0,25929823
19,7,21,7,25,7,47,7,63,7,0,0,0,0,0,0,0,0,0,0,0,0,0,0,25930054
3,7,9,7,29,7,46,7,64,7,0,0,0,0,0,0,0,0,0,0,0,0,0,0,25930709
40,7,46,7,60,7,0,0,0,0,0,0,0,0,0,0,0,0,0,0,0,0,0,0,25930712
12,7,45,7,46,7,55,7,59,7,63,7,0,0,0,0,0,0,0,0,0,0,0,0,25930826
12,1,21,7,45,7,0,0,0,0,0,0,0,0,0,0,0,0,0,0,0,0,0,0,25930948
21,2,47,7,0,0,0,0,0,0,0,0,0,0,0,0,0,0,0,0,0,0,0,0,25931263
26,7,44,7,59,7,0,0,0,0,0,0,0,0,0,0,0,0,0,0,0,0,0,0,25931308
20,7,21,7,26,7,47,7,0,0,0,0,0,0,0,0,0,0,0,0,0,0,0,0,25931340
20,2,26,7,0,0,0,0,0,0,0,0,0,0,0,0,0,0,0,0,0,0,0,0,25931377
21,7,26,1,45,7,47,7,63,7,0,0,0,0,0,0,0,0,0,0,0,0,0,0,25931664
22,1,55,7,0,0,0,0,0,0,0,0,0,0,0,0,0,0,0,0,0,0,0,0,25933024
9,7,12,7,0,0,0,0,0,0,0,0,0,0,0,0,0,0,0,0,0,0,0,0,25934001
62,2,0,0,0,0,0,0,0,0,0,0,0,0,0,0,0,0,0,0,0,0,0,0,25934761
25,7,41,1,55,7,63,7,0,0,0,0,0,0,0,0,0,0,0,0,0,0,0,0,25935203
3,7,21,7,44,7,59,7,0,0,0,0,0,0,0,0,0,0,0,0,0,0,0,0,25936254
23,7,41,7,0,0,0,0,0,0,0,0,0,0,0,0,0,0,0,0,0,0,0,0,25936659
26,7,55,7,59,7,65,7,0,0,0,0,0,0,0,0,0,0,0,0,0,0,0,0,25937620
9,7,20,7,40,7,0,0,0,0,0,0,0,0,0,0,0,0,0,0,0,0,0,0,25938304
26,7,60,2,0,0,0,0,0,0,0,0,0,0,0,0,0,0,0,0,0,0,0,0,25938470
1,7,2,7,0,0,0,0,0,0,0,0,0,0,0,0,0,0,0,0,0,0,0,0,25938958
55,7,60,7,0,0,0,0,0,0,0,0,0,0,0,0,0,0,0,0,0,0,0,0,25938976
22,7,46,7,62,7,63,7,0,0,0,0,0,0,0,0,0,0,0,0,0,0,0,0,25941507
23,1,55,2,0,0,0,0,0,0,0,0,0,0,0,0,0,0,0,0,0,0,0,0,25941517
13,7,36,7,59,7,0,0,0,0,0,0,0,0,0,0,0,0,0,0,0,0,0,0,25942141
19,7,22,7,62,7,0,0,0,0,0,0,0,0,0,0,0,0,0,0,0,0,0,0,25946701
8,2,53,7,0,0,0,0,0,0,0,0,0,0,0,0,0,0,0,0,0,0,0,0,25946899
1,7,59,7,64,7,0,0,0,0,0,0,0,0,0,0,0,0,0,0,0,0,0,0,25947175
7,7,33,7,0,0,0,0,0,0,0,0,0,0,0,0,0,0,0,0,0,0,0,0,25947337
55,7,60,7,0,0,0,0,0,0,0,0,0,0,0,0,0,0,0,0,0,0,0,0,25948345
12,1,20,7,21,7,26,7,47,7,63,7,0,0,0,0,0,0,0,0,0,0,0,0,25948453
22,7,26,7,62,7,0,0,0,0,0,0,0,0,0,0,0,0,0,0,0,0,0,0,25949167
21,7,26,7,45,7,63,7,64,7,0,0,0,0,0,0,0,0,0,0,0,0,0,0,25949490
44,1,64,7,0,0,0,0,0,0,0,0,0,0,0,0,0,0,0,0,0,0,0,0,25949784
4,7,6,7,9,7,0,0,0,0,0,0,0,0,0,0,0,0,0,0,0,0,0,0,25950219
22,7,26,7,64,7,0,0,0,0,0,0,0,0,0,0,0,0,0,0,0,0,0,0,25950559
9,1,45,7,46,7,55,7,63,7,0,0,0,0,0,0,0,0,0,0,0,0,0,0,25950631
4,2,59,7,0,0,0,0,0,0,0,0,0,0,0,0,0,0,0,0,0,0,0,0,25950698
18,7,46,7,56,7,60,7,0,0,0,0,0,0,0,0,0,0,0,0,0,0,0,0,25954410
21,7,45,7,47,7,0,0,0,0,0,0,0,0,0,0,0,0,0,0,0,0,0,0,25954494
21,7,52,7,55,7,63,7,0,0,0,0,0,0,0,0,0,0,0,0,0,0,0,0,25954958
55,7,59,1,65,2,0,0,0,0,0,0,0,0,0,0,0,0,0,0,0,0,0,0,25955446
18,1,62,2,0,0,0,0,0,0,0,0,0,0,0,0,0,0,0,0,0,0,0,0,25956914
11,6,0,0,0,0,0,0,0,0,0,0,0,0,0,0,0,0,0,0,0,0,0,0,25956917
10,7,53,7,0,0,0,0,0,0,0,0,0,0,0,0,0,0,0,0,0,0,0,0,25957519
2,7,13,1,20,7,0,0,0,0,0,0,0,0,0,0,0,0,0,0,0,0,0,0,25957667
21,7,45,7,47,7,0,0,0,0,0,0,0,0,0,0,0,0,0,0,0,0,0,0,25958910
26,7,28,1,46,7,55,2,0,0,0,0,0,0,0,0,0,0,0,0,0,0,0,0,25959041
52,7,55,2,0,0,0,0,0,0,0,0,0,0,0,0,0,0,0,0,0,0,0,0,25959946
6,1,20,7,35,7,0,0,0,0,0,0,0,0,0,0,0,0,0,0,0,0,0,0,25959959
55,7,59,7,61,7,0,0,0,0,0,0,0,0,0,0,0,0,0,0,0,0,0,0,25960371
26,7,47,7,63,7,0,0,0,0,0,0,0,0,0,0,0,0,0,0,0,0,0,0,25984637
12,7,53,7,62,7,0,0,0,0,0,0,0,0,0,0,0,0,0,0,0,0,0,0,25985075
3,7,9,7,20,7,0,0,0,0,0,0,0,0,0,0,0,0,0,0,0,0,0,0,25985406
26,7,27,7,46,7,63,7,0,0,0,0,0,0,0,0,0,0,0,0,0,0,0,0,25988042
3,7,4,2,0,0,0,0,0,0,0,0,0,0,0,0,0,0,0,0,0,0,0,0,25990522
20,7,25,7,28,7,62,7,0,0,0,0,0,0,0,0,0,0,0,0,0,0,0,0,25991170
4,7,9,7,53,7,0,0,0,0,0,0,0,0,0,0,0,0,0,0,0,0,0,0,25994043
26,7,38,1,41,7,44,7,0,0,0,0,0,0,0,0,0,0,0,0,0,0,0,0,25996255
53,7,62,7,0,0,0,0,0,0,0,0,0,0,0,0,0,0,0,0,0,0,0,0,25996640
3,7,9,7,46,7,56,7,0,0,0,0,0,0,0,0,0,0,0,0,0,0,0,0,25999106
33,7,40,7,54,7,0,0,0,0,0,0,0,0,0,0,0,0,0,0,0,0,0,0,26000593
8,7,53,2,0,0,0,0,0,0,0,0,0,0,0,0,0,0,0,0,0,0,0,0,26001547
4,7,9,7,60,7,0,0,0,0,0,0,0,0,0,0,0,0,0,0,0,0,0,0,26001826
20,7,0,0,0,0,0,0,0,0,0,0,0,0,0,0,0,0,0,0,0,0,0,0,26002938
55,7,60,7,0,0,0,0,0,0,0,0,0,0,0,0,0,0,0,0,0,0,0,0,26006561
44,7,59,7,64,1,0,0,0,0,0,0,0,0,0,0,0,0,0,0,0,0,0,0,26007243
44,1,0,0,0,0,0,0,0,0,0,0,0,0,0,0,0,0,0,0,0,0,0,0,26008189
22,7,66,7,0,0,0,0,0,0,0,0,0,0,0,0,0,0,0,0,0,0,0,0,26008200
42,7,51,7,0,0,0,0,0,0,0,0,0,0,0,0,0,0,0,0,0,0,0,0,26008901
22,7,22,7,60,7,0,0,0,0,0,0,0,0,0,0,0,0,0,0,0,0,0,0,26009251
3,2,22,7,26,7,46,7,0,0,0,0,0,0,0,0,0,0,0,0,0,0,0,0,26009257
62,7,0,0,0,0,0,0,0,0,0,0,0,0,0,0,0,0,0,0,0,0,0,0,26009265
8,1,22,7,62,2,65,7,0,0,0,0,0,0,0,0,0,0,0,0,0,0,0,0,26013388
53,7,62,7,0,0,0,0,0,0,0,0,0,0,0,0,0,0,0,0,0,0,0,0,26017889
20,7,53,7,62,7,0,0,0,0,0,0,0,0,0,0,0,0,0,0,0,0,0,0,26018763
3,7,44,7,55,7,0,0,0,0,0,0,0,0,0,0,0,0,0,0,0,0,0,0,26019113
22,7,66,7,0,0,0,0,0,0,0,0,0,0,0,0,0,0,0,0,0,0,0,0,26019194
47,7,55,7,0,0,0,0,0,0,0,0,0,0,0,0,0,0,0,0,0,0,0,0,26019891
26,7,64,7,0,0,0,0,0,0,0,0,0,0,0,0,0,0,0,0,0,0,0,0,26019968
16,7,43,1,0,0,0,0,0,0,0,0,0,0,0,0,0,0,0,0,0,0,0,0,26019971
16,1,59,7,0,0,0,0,0,0,0,0,0,0,0,0,0,0,0,0,0,0,0,0,26022240
64,7,66,7,0,0,0,0,0,0,0,0,0,0,0,0,0,0,0,0,0,0,0,0,26022563
20,7,21,7,26,7,45,7,47,7,0,0,0,0,0,0,0,0,0,0,0,0,0,0,26023352
49,1,0,0,0,0,0,0,0,0,0,0,0,0,0,0,0,0,0,0,0,0,0,0,26029211
52,7,55,2,0,0,0,0,0,0,0,0,0,0,0,0,0,0,0,0,0,0,0,0,26029224
9,7,12,7,20,7,21,7,45,7,55,7,0,0,0,0,0,0,0,0,0,0,0,0,26030057
4,7,22,2,0,0,0,0,0,0,0,0,0,0,0,0,0,0,0,0,0,0,0,0,26030420
16,7,40,7,0,0,0,0,0,0,0,0,0,0,0,0,0,0,0,0,0,0,0,0,26030637
20,1,45,7,65,7,0,0,0,0,0,0,0,0,0,0,0,0,0,0,0,0,0,0,26030839
19,7,20,7,21,7,41,1,45,7,0,0,0,0,0,0,0,0,0,0,0,0,0,0,26031129
26,7,0,0,0,0,0,0,0,0,0,0,0,0,0,0,0,0,0,0,0,0,0,0,26031485
62,7,0,0,0,0,0,0,0,0,0,0,0,0,0,0,0,0,0,0,0,0,0,0,26031864
4,7,7,7,15,7,16,7,33,7,40,7,43,7,54,7,59,7,0,0,0,0,0,0,26031921
46,7,66,7,0,0,0,0,0,0,0,0,0,0,0,0,0,0,0,0,0,0,0,0,26032095
13,7,23,7,0,0,0,0,0,0,0,0,0,0,0,0,0,0,0,0,0,0,0,0,26033982
22,7,26,7,46,7,55,7,65,7,0,0,0,0,0,0,0,0,0,0,0,0,0,0,26034852
41,7,51,7,0,0,0,0,0,0,0,0,0,0,0,0,0,0,0,0,0,0,0,0,26035286
26,7,46,7,55,7,64,1,0,0,0,0,0,0,0,0,0,0,0,0,0,0,0,0,26035628
21,7,46,7,47,7,55,7,63,7,0,0,0,0,0,0,0,0,0,0,0,0,0,0,26036318
9,7,53,7,62,7,0,0,0,0,0,0,0,0,0,0,0,0,0,0,0,0,0,0,26036959
44,7,52,7,55,7,0,0,0,0,0,0,0,0,0,0,0,0,0,0,0,0,0,0,26037746
9,7,44,7,59,7,64,7,0,0,0,0,0,0,0,0,0,0,0,0,0,0,0,0,26039697
35,7,45,7,0,0,0,0,0,0,0,0,0,0,0,0,0,0,0,0,0,0,0,0,26039902
20,7,26,7,63,7,65,7,0,0,0,0,0,0,0,0,0,0,0,0,0,0,0,0,26041538
8,1,9,7,18,7,62,7,0,0,0,0,0,0,0,0,0,0,0,0,0,0,0,0,26041884
20,1,47,7,0,0,0,0,0,0,0,0,0,0,0,0,0,0,0,0,0,0,0,0,26041983
41,1,0,0,0,0,0,0,0,0,0,0,0,0,0,0,0,0,0,0,0,0,0,0,26043151
13,7,22,7,47,7,0,0,0,0,0,0,0,0,0,0,0,0,0,0,0,0,0,0,26043404
8,1,28,7,45,7,63,7,0,0,0,0,0,0,0,0,0,0,0,0,0,0,0,0,26044154
12,7,45,7,0,0,0,0,0,0,0,0,0,0,0,0,0,0,0,0,0,0,0,0,26044602
1,1,20,7,47,7,0,0,0,0,0,0,0,0,0,0,0,0,0,0,0,0,0,0,26045999
26,7,28,1,0,0,0,0,0,0,0,0,0,0,0,0,0,0,0,0,0,0,0,0,26046176
27,7,0,0,0,0,0,0,0,0,0,0,0,0,0,0,0,0,0,0,0,0,0,0,26046561
44,1,55,7,0,0,0,0,0,0,0,0,0,0,0,0,0,0,0,0,0,0,0,0,26047425
22,7,53,1,64,7,0,0,0,0,0,0,0,0,0,0,0,0,0,0,0,0,0,0,26047485
26,7,45,7,47,7,52,7,65,7,0,0,0,0,0,0,0,0,0,0,0,0,0,0,26047578
52,7,55,7,56,1,62,7,0,0,0,0,0,0,0,0,0,0,0,0,0,0,0,0,26048781
3,7,12,7,20,6,58,1,0,0,0,0,0,0,0,0,0,0,0,0,0,0,0,0,26057239
62,7,0,0,0,0,0,0,0,0,0,0,0,0,0,0,0,0,0,0,0,0,0,0,26061304
4,1,7,7,37,7,0,0,0,0,0,0,0,0,0,0,0,0,0,0,0,0,0,0,26062900
2,7,3,1,40,7,0,0,0,0,0,0,0,0,0,0,0,0,0,0,0,0,0,0,26086631
40,7,0,0,0,0,0,0,0,0,0,0,0,0,0,0,0,0,0,0,0,0,0,0,26087003
52,7,63,7,0,0,0,0,0,0,0,0,0,0,0,0,0,0,0,0,0,0,0,0,26088865
4,7,16,7,20,7,26,7,0,0,0,0,0,0,0,0,0,0,0,0,0,0,0,0,26091098
9,7,16,1,46,7,55,7,59,7,0,0,0,0,0,0,0,0,0,0,0,0,0,0,26091614
24,1,62,2,0,0,0,0,0,0,0,0,0,0,0,0,0,0,0,0,0,0,0,0,26092302
2,7,26,7,29,2,0,0,0,0,0,0,0,0,0,0,0,0,0,0,0,0,0,0,26092519
4,2,43,7,0,0,0,0,0,0,0,0,0,0,0,0,0,0,0,0,0,0,0,0,26093300
26,7,46,7,0,0,0,0,0,0,0,0,0,0,0,0,0,0,0,0,0,0,0,0,26093367
22,7,46,7,55,7,56,7,60,2,0,0,0,0,0,0,0,0,0,0,0,0,0,0,26093829
1,7,0,0,0,0,0,0,0,0,0,0,0,0,0,0,0,0,0,0,0,0,0,0,26123179
4,2,33,7,0,0,0,0,0,0,0,0,0,0,0,0,0,0,0,0,0,0,0,0,26150969
12,7,28,7,0,0,0,0,0,0,0,0,0,0,0,0,0,0,0,0,0,0,0,0,26167202
20,7,28,7,0,0,0,0,0,0,0,0,0,0,0,0,0,0,0,0,0,0,0,0,26167286
6,7,36,1,0,0,0,0,0,0,0,0,0,0,0,0,0,0,0,0,0,0,0,0,26167618
7,7,16,7,44,7,0,0,0,0,0,0,0,0,0,0,0,0,0,0,0,0,0,0,26168120
21,7,22,7,35,7,45,7,52,7,55,7,0,0,0,0,0,0,0,0,0,0,0,0,26168795
24,1,0,0,0,0,0,0,0,0,0,0,0,0,0,0,0,0,0,0,0,0,0,0,26171194
4,1,0,0,0,0,0,0,0,0,0,0,0,0,0,0,0,0,0,0,0,0,0,0,26171410
22,7,46,7,63,7,0,0,0,0,0,0,0,0,0,0,0,0,0,0,0,0,0,0,26172197
53,1,0,0,0,0,0,0,0,0,0,0,0,0,0,0,0,0,0,0,0,0,0,0,26172824
23,7,41,7,58,7,0,0,0,0,0,0,0,0,0,0,0,0,0,0,0,0,0,0,26173188
21,1,45,7,0,0,0,0,0,0,0,0,0,0,0,0,0,0,0,0,0,0,0,0,26173506
18,2,60,7,0,0,0,0,0,0,0,0,0,0,0,0,0,0,0,0,0,0,0,0,26174764
55,7,60,7,0,0,0,0,0,0,0,0,0,0,0,0,0,0,0,0,0,0,0,0,26175211
12,7,28,7,0,0,0,0,0,0,0,0,0,0,0,0,0,0,0,0,0,0,0,0,26175793
44,2,59,7,0,0,0,0,0,0,0,0,0,0,0,0,0,0,0,0,0,0,0,0,26179367
53,7,0,0,0,0,0,0,0,0,0,0,0,0,0,0,0,0,0,0,0,0,0,0,26180740
44,7,55,2,0,0,0,0,0,0,0,0,0,0,0,0,0,0,0,0,0,0,0,0,26181733
21,7,66,7,0,0,0,0,0,0,0,0,0,0,0,0,0,0,0,0,0,0,0,0,26182825
20,2,22,7,0,0,0,0,0,0,0,0,0,0,0,0,0,0,0,0,0,0,0,0,26184180
26,6,28,1,0,0,0,0,0,0,0,0,0,0,0,0,0,0,0,0,0,0,0,0,26184285
22,7,52,7,55,7,0,0,0,0,0,0,0,0,0,0,0,0,0,0,0,0,0,0,26185033
28,7,0,0,0,0,0,0,0,0,0,0,0,0,0,0,0,0,0,0,0,0,0,0,26185086
3,7,62,7,0,0,0,0,0,0,0,0,0,0,0,0,0,0,0,0,0,0,0,0,26187693
32,1,66,7,0,0,0,0,0,0,0,0,0,0,0,0,0,0,0,0,0,0,0,0,26188453
32,7,66,7,0,0,0,0,0,0,0,0,0,0,0,0,0,0,0,0,0,0,0,0,26189488
4,1,44,7,55,7,65,7,0,0,0,0,0,0,0,0,0,0,0,0,0,0,0,0,26190548
46,7,55,7,0,0,0,0,0,0,0,0,0,0,0,0,0,0,0,0,0,0,0,0,26191078
19,7,25,7,0,0,0,0,0,0,0,0,0,0,0,0,0,0,0,0,0,0,0,0,26191864
53,7,62,2,0,0,0,0,0,0,0,0,0,0,0,0,0,0,0,0,0,0,0,0,26192402
21,7,45,7,55,7,0,0,0,0,0,0,0,0,0,0,0,0,0,0,0,0,0,0,26193459
45,7,52,7,63,7,0,0,0,0,0,0,0,0,0,0,0,0,0,0,0,0,0,0,26194750
21,7,45,7,53,1,62,7,0,0,0,0,0,0,0,0,0,0,0,0,0,0,0,0,26195253
9,7,25,7,51,7,58,1,0,0,0,0,0,0,0,0,0,0,0,0,0,0,0,0,26196183
59,7,66,7,0,0,0,0,0,0,0,0,0,0,0,0,0,0,0,0,0,0,0,0,26196537
8,7,53,7,62,2,0,0,0,0,0,0,0,0,0,0,0,0,0,0,0,0,0,0,26196660
34,7,0,0,0,0,0,0,0,0,0,0,0,0,0,0,0,0,0,0,0,0,0,0,26197720
4,1,12,7,20,7,0,0,0,0,0,0,0,0,0,0,0,0,0,0,0,0,0,0,26198483
47,1,55,7,0,0,0,0,0,0,0,0,0,0,0,0,0,0,0,0,0,0,0,0,26198570
46,7,55,7,60,7,0,0,0,0,0,0,0,0,0,0,0,0,0,0,0,0,0,0,26199458
4,7,9,7,23,7,58,1,0,0,0,0,0,0,0,0,0,0,0,0,0,0,0,0,26200413
20,7,21,7,47,7,63,7,0,0,0,0,0,0,0,0,0,0,0,0,0,0,0,0,26201073
10,1,26,2,53,7,0,0,0,0,0,0,0,0,0,0,0,0,0,0,0,0,0,0,26201853
13,1,23,2,60,7,0,0,0,0,0,0,0,0,0,0,0,0,0,0,0,0,0,0,26202268
22,7,0,0,0,0,0,0,0,0,0,0,0,0,0,0,0,0,0,0,0,0,0,0,26202787
20,7,25,6,44,1,0,0,0,0,0,0,0,0,0,0,0,0,0,0,0,0,0,0,26203851
55,7,60,7,0,0,0,0,0,0,0,0,0,0,0,0,0,0,0,0,0,0,0,0,26204734
10,1,0,0,0,0,0,0,0,0,0,0,0,0,0,0,0,0,0,0,0,0,0,0,26204823
55,2,59,2,0,0,0,0,0,0,0,0,0,0,0,0,0,0,0,0,0,0,0,0,26204862
8,1,26,7,52,7,0,0,0,0,0,0,0,0,0,0,0,0,0,0,0,0,0,0,26206167
45,7,46,7,52,7,63,2,0,0,0,0,0,0,0,0,0,0,0,0,0,0,0,0,26208459
12,7,17,7,0,0,0,0,0,0,0,0,0,0,0,0,0,0,0,0,0,0,0,0,26209135
9,7,12,7,0,0,0,0,0,0,0,0,0,0,0,0,0,0,0,0,0,0,0,0,26211080
46,7,55,7,60,7,0,0,0,0,0,0,0,0,0,0,0,0,0,0,0,0,0,0,26211841
22,7,46,7,53,7,56,7,0,0,0,0,0,0,0,0,0,0,0,0,0,0,0,0,26211967
22,7,55,7,59,7,0,0,0,0,0,0,0,0,0,0,0,0,0,0,0,0,0,0,26212486
22,7,26,7,29,7,47,7,63,7,0,0,0,0,0,0,0,0,0,0,0,0,0,0,26213173
21,7,55,7,63,7,0,0,0,0,0,0,0,0,0,0,0,0,0,0,0,0,0,0,26214480
4,6,13,1,26,7,55,7,0,0,0,0,0,0,0,0,0,0,0,0,0,0,0,0,26214704
13,1,63,7,0,0,0,0,0,0,0,0,0,0,0,0,0,0,0,0,0,0,0,0,26214707
25,1,45,7,0,0,0,0,0,0,0,0,0,0,0,0,0,0,0,0,0,0,0,0,26215828
1,7,12,7,20,7,55,7,59,7,65,7,0,0,0,0,0,0,0,0,0,0,0,0,26215861
62,2,0,0,0,0,0,0,0,0,0,0,0,0,0,0,0,0,0,0,0,0,0,0,26216251
20,2,44,7,0,0,0,0,0,0,0,0,0,0,0,0,0,0,0,0,0,0,0,0,26217017
22,7,46,7,60,2,0,0,0,0,0,0,0,0,0,0,0,0,0,0,0,0,0,0,26217025
22,7,65,7,0,0,0,0,0,0,0,0,0,0,0,0,0,0,0,0,0,0,0,0,26217632
46,7,55,7,60,7,0,0,0,0,0,0,0,0,0,0,0,0,0,0,0,0,0,0,26219199
12,7,19,7,21,7,22,7,45,7,47,7,55,7,0,0,0,0,0,0,0,0,0,0,26219475
52,7,55,5,64,1,0,0,0,0,0,0,0,0,0,0,0,0,0,0,0,0,0,0,26219616
26,7,52,7,55,2,0,0,0,0,0,0,0,0,0,0,0,0,0,0,0,0,0,0,26219766
11,7,12,6,28,7,53,7,62,7,0,0,0,0,0,0,0,0,0,0,0,0,0,0,26220053
3,7,12,7,55,2,0,0,0,0,0,0,0,0,0,0,0,0,0,0,0,0,0,0,26220551
22,7,44,2,59,7,0,0,0,0,0,0,0,0,0,0,0,0,0,0,0,0,0,0,26221218
22,7,22,7,45,7,52,7,60,7,0,0,0,0,0,0,0,0,0,0,0,0,0,0,26221381
26,7,44,7,64,7,0,0,0,0,0,0,0,0,0,0,0,0,0,0,0,0,0,0,26222276
20,1,45,7,0,0,0,0,0,0,0,0,0,0,0,0,0,0,0,0,0,0,0,0,26224266
6,7,61,7,0,0,0,0,0,0,0,0,0,0,0,0,0,0,0,0,0,0,0,0,26224711
20,7,21,7,45,7,46,7,55,7,63,7,0,0,0,0,0,0,0,0,0,0,0,0,26224831
55,7,59,7,61,7,0,0,0,0,0,0,0,0,0,0,0,0,0,0,0,0,0,0,26225262
40,7,46,7,55,7,56,2,59,7,0,0,0,0,0,0,0,0,0,0,0,0,0,0,26228136
62,2,0,0,0,0,0,0,0,0,0,0,0,0,0,0,0,0,0,0,0,0,0,0,26229403
12,7,19,7,20,7,64,7,0,0,0,0,0,0,0,0,0,0,0,0,0,0,0,0,26250312
21,7,22,7,26,7,45,7,0,0,0,0,0,0,0,0,0,0,0,0,0,0,0,0,26250494
20,7,21,7,26,7,45,7,63,7,0,0,0,0,0,0,0,0,0,0,0,0,0,0,26250681
7,7,20,7,22,7,59,7,0,0,0,0,0,0,0,0,0,0,0,0,0,0,0,0,26251055
12,7,21,7,28,1,45,7,47,7,62,7,63,7,0,0,0,0,0,0,0,0,0,0,26252145
3,7,9,1,52,7,55,7,0,0,0,0,0,0,0,0,0,0,0,0,0,0,0,0,26252936
20,7,26,7,66,7,0,0,0,0,0,0,0,0,0,0,0,0,0,0,0,0,0,0,26252985
26,7,47,7,0,0,0,0,0,0,0,0,0,0,0,0,0,0,0,0,0,0,0,0,26272335
23,7,44,7,59,7,0,0,0,0,0,0,0,0,0,0,0,0,0,0,0,0,0,0,26272341
4,7,9,7,46,7,0,0,0,0,0,0,0,0,0,0,0,0,0,0,0,0,0,0,26275623
23,7,0,0,0,0,0,0,0,0,0,0,0,0,0,0,0,0,0,0,0,0,0,0,26285569
46,7,52,7,55,2,0,0,0,0,0,0,0,0,0,0,0,0,0,0,0,0,0,0,26310012
19,1,46,7,55,2,0,0,0,0,0,0,0,0,0,0,0,0,0,0,0,0,0,0,26310224
19,7,20,7,26,7,44,7,55,7,0,0,0,0,0,0,0,0,0,0,0,0,0,0,26310385
46,7,60,2,0,0,0,0,0,0,0,0,0,0,0,0,0,0,0,0,0,0,0,0,26310440
8,7,53,7,62,7,0,0,0,0,0,0,0,0,0,0,0,0,0,0,0,0,0,0,26310577
23,2,52,7,53,7,0,0,0,0,0,0,0,0,0,0,0,0,0,0,0,0,0,0,26310915
13,1,62,2,0,0,0,0,0,0,0,0,0,0,0,0,0,0,0,0,0,0,0,0,26311015
8,2,53,7,0,0,0,0,0,0,0,0,0,0,0,0,0,0,0,0,0,0,0,0,26311237
29,7,53,7,0,0,0,0,0,0,0,0,0,0,0,0,0,0,0,0,0,0,0,0,26311607
9,7,28,7,63,7,64,7,65,7,0,0,0,0,0,0,0,0,0,0,0,0,0,0,26312017
51,1,55,2,0,0,0,0,0,0,0,0,0,0,0,0,0,0,0,0,0,0,0,0,26312051
21,7,45,7,62,7,63,7,0,0,0,0,0,0,0,0,0,0,0,0,0,0,0,0,26312161
9,7,12,7,18,7,28,7,0,0,0,0,0,0,0,0,0,0,0,0,0,0,0,0,26312414
21,7,26,7,63,7,65,7,0,0,0,0,0,0,0,0,0,0,0,0,0,0,0,0,26312530
3,7,22,7,52,7,55,7,0,0,0,0,0,0,0,0,0,0,0,0,0,0,0,0,26312577
12,7,18,7,0,0,0,0,0,0,0,0,0,0,0,0,0,0,0,0,0,0,0,0,26312612
22,7,62,7,0,0,0,0,0,0,0,0,0,0,0,0,0,0,0,0,0,0,0,0,26312636
11,7,44,7,59,7,0,0,0,0,0,0,0,0,0,0,0,0,0,0,0,0,0,0,26313102
45,7,55,7,56,7,64,7,65,7,0,0,0,0,0,0,0,0,0,0,0,0,0,0,26313963
26,2,55,7,0,0,0,0,0,0,0,0,0,0,0,0,0,0,0,0,0,0,0,0,26314113
3,7,46,7,55,7,56,7,60,7,0,0,0,0,0,0,0,0,0,0,0,0,0,0,26315499
21,7,35,7,44,7,55,7,63,7,0,0,0,0,0,0,0,0,0,0,0,0,0,0,26315545
42,2,49,1,0,0,0,0,0,0,0,0,0,0,0,0,0,0,0,0,0,0,0,0,26315619
12,7,26,7,28,7,46,7,0,0,0,0,0,0,0,0,0,0,0,0,0,0,0,0,26316935
23,7,39,2,0,0,0,0,0,0,0,0,0,0,0,0,0,0,0,0,0,0,0,0,26317727
22,7,26,7,28,7,0,0,0,0,0,0,0,0,0,0,0,0,0,0,0,0,0,0,26317812
46,7,55,7,62,2,0,0,0,0,0,0,0,0,0,0,0,0,0,0,0,0,0,0,26319268
22,7,55,7,64,7,0,0,0,0,0,0,0,0,0,0,0,0,0,0,0,0,0,0,26319906
3,7,4,7,12,7,37,7,44,7,64,7,0,0,0,0,0,0,0,0,0,0,0,0,26320294
26,7,51,1,52,7,55,7,0,0,0,0,0,0,0,0,0,0,0,0,0,0,0,0,26320389
45,7,46,7,47,7,62,7,0,0,0,0,0,0,0,0,0,0,0,0,0,0,0,0,26320782
55,7,66,7,0,0,0,0,0,0,0,0,0,0,0,0,0,0,0,0,0,0,0,0,26320955
26,7,46,2,0,0,0,0,0,0,0,0,0,0,0,0,0,0,0,0,0,0,0,0,26321080
11,7,12,7,17,7,0,0,0,0,0,0,0,0,0,0,0,0,0,0,0,0,0,0,26321181
26,7,28,7,0,0,0,0,0,0,0,0,0,0,0,0,0,0,0,0,0,0,0,0,26321529
12,1,20,7,0,0,0,0,0,0,0,0,0,0,0,0,0,0,0,0,0,0,0,0,26321876
21,7,28,1,45,7,52,7,63,7,0,0,0,0,0,0,0,0,0,0,0,0,0,0,26322904
26,7,55,7,64,7,0,0,0,0,0,0,0,0,0,0,0,0,0,0,0,0,0,0,26323203
33,7,0,0,0,0,0,0,0,0,0,0,0,0,0,0,0,0,0,0,0,0,0,0,26323299
21,7,22,7,46,7,47,7,55,7,56,7,62,2,63,7,0,0,0,0,0,0,0,0,26324021
18,7,44,7,55,7,64,7,0,0,0,0,0,0,0,0,0,0,0,0,0,0,0,0,26324454
38,7,46,7,55,2,0,0,0,0,0,0,0,0,0,0,0,0,0,0,0,0,0,0,26324589
26,7,44,7,59,7,0,0,0,0,0,0,0,0,0,0,0,0,0,0,0,0,0,0,26325063
3,2,18,7,0,0,0,0,0,0,0,0,0,0,0,0,0,0,0,0,0,0,0,0,26325327
8,7,53,2,0,0,0,0,0,0,0,0,0,0,0,0,0,0,0,0,0,0,0,0,26325761
3,7,4,7,9,7,18,2,0,0,0,0,0,0,0,0,0,0,0,0,0,0,0,0,26325931
42,2,51,2,0,0,0,0,0,0,0,0,0,0,0,0,0,0,0,0,0,0,0,0,26326658
45,7,46,7,63,7,0,0,0,0,0,0,0,0,0,0,0,0,0,0,0,0,0,0,26326712
22,7,46,7,63,7,65,7,0,0,0,0,0,0,0,0,0,0,0,0,0,0,0,0,26327045
3,1,60,2,0,0,0,0,0,0,0,0,0,0,0,0,0,0,0,0,0,0,0,0,26327615
21,7,47,1,52,7,0,0,0,0,0,0,0,0,0,0,0,0,0,0,0,0,0,0,26327824
2,7,36,2,44,7,0,0,0,0,0,0,0,0,0,0,0,0,0,0,0,0,0,0,26328571
26,7,44,7,0,0,0,0,0,0,0,0,0,0,0,0,0,0,0,0,0,0,0,0,26328807
41,1,44,2,0,0,0,0,0,0,0,0,0,0,0,0,0,0,0,0,0,0,0,0,26329162
20,2,0,0,0,0,0,0,0,0,0,0,0,0,0,0,0,0,0,0,0,0,0,0,26329519
44,7,55,7,59,7,64,7,0,0,0,0,0,0,0,0,0,0,0,0,0,0,0,0,26330703
46,7,55,7,60,2,0,0,0,0,0,0,0,0,0,0,0,0,0,0,0,0,0,0,26331010
22,1,55,2,0,0,0,0,0,0,0,0,0,0,0,0,0,0,0,0,0,0,0,0,26331663
7,1,28,7,55,7,56,7,0,0,0,0,0,0,0,0,0,0,0,0,0,0,0,0,26331815
12,7,21,7,65,7,0,0,0,0,0,0,0,0,0,0,0,0,0,0,0,0,0,0,26332121
46,7,55,7,60,7,0,0,0,0,0,0,0,0,0,0,0,0,0,0,0,0,0,0,26332358
18,7,33,1,40,7,0,0,0,0,0,0,0,0,0,0,0,0,0,0,0,0,0,0,26333690
39,1,0,0,0,0,0,0,0,0,0,0,0,0,0,0,0,0,0,0,0,0,0,0,26333763
21,7,45,7,0,0,0,0,0,0,0,0,0,0,0,0,0,0,0,0,0,0,0,0,26334224
13,7,20,7,26,7,0,0,0,0,0,0,0,0,0,0,0,0,0,0,0,0,0,0,26334857
26,7,46,7,56,7,65,7,0,0,0,0,0,0,0,0,0,0,0,0,0,0,0,0,26335527
44,7,59,7,65,7,0,0,0,0,0,0,0,0,0,0,0,0,0,0,0,0,0,0,26335593
64,1,0,0,0,0,0,0,0,0,0,0,0,0,0,0,0,0,0,0,0,0,0,0,26335942
52,7,55,7,63,7,0,0,0,0,0,0,0,0,0,0,0,0,0,0,0,0,0,0,26338761
21,7,47,7,0,0,0,0,0,0,0,0,0,0,0,0,0,0,0,0,0,0,0,0,26338933
4,1,9,7,22,7,46,7,60,7,0,0,0,0,0,0,0,0,0,0,0,0,0,0,26338948
21,7,45,7,46,7,52,7,55,7,0,0,0,0,0,0,0,0,0,0,0,0,0,0,26339155
2,7,3,7,4,7,9,7,10,7,18,7,19,7,20,7,21,7,22,7,22,7,23,7,26339924
28,1,45,7,46,7,55,7,63,7,0,0,0,0,0,0,0,0,0,0,0,0,0,0,26340732
19,7,22,7,46,7,55,7,59,6,62,7,0,0,0,0,0,0,0,0,0,0,0,0,26341040
66,7,0,0,0,0,0,0,0,0,0,0,0,0,0,0,0,0,0,0,0,0,0,0,26342499
12,7,28,7,0,0,0,0,0,0,0,0,0,0,0,0,0,0,0,0,0,0,0,0,26342796
53,7,55,7,62,7,0,0,0,0,0,0,0,0,0,0,0,0,0,0,0,0,0,0,26342879
46,7,66,7,0,0,0,0,0,0,0,0,0,0,0,0,0,0,0,0,0,0,0,0,26343233
62,7,0,0,0,0,0,0,0,0,0,0,0,0,0,0,0,0,0,0,0,0,0,0,26343523
21,7,47,7,0,0,0,0,0,0,0,0,0,0,0,0,0,0,0,0,0,0,0,0,26344105
10,7,53,7,62,7,0,0,0,0,0,0,0,0,0,0,0,0,0,0,0,0,0,0,26344698
9,2,66,7,0,0,0,0,0,0,0,0,0,0,0,0,0,0,0,0,0,0,0,0,26345071
20,7,22,7,26,7,62,7,0,0,0,0,0,0,0,0,0,0,0,0,0,0,0,0,26345074
26,7,53,7,62,7,0,0,0,0,0,0,0,0,0,0,0,0,0,0,0,0,0,0,26345311
21,7,45,7,0,0,0,0,0,0,0,0,0,0,0,0,0,0,0,0,0,0,0,0,26346290
3,1,21,7,45,7,0,0,0,0,0,0,0,0,0,0,0,0,0,0,0,0,0,0,26346548
11,7,28,7,0,0,0,0,0,0,0,0,0,0,0,0,0,0,0,0,0,0,0,0,26347358
22,7,22,7,53,1,0,0,0,0,0,0,0,0,0,0,0,0,0,0,0,0,0,0,26349002
6,7,34,7,35,7,36,7,61,7,0,0,0,0,0,0,0,0,0,0,0,0,0,0,26349957
3,7,55,7,0,0,0,0,0,0,0,0,0,0,0,0,0,0,0,0,0,0,0,0,26351655
20,7,26,7,59,7,66,7,0,0,0,0,0,0,0,0,0,0,0,0,0,0,0,0,26351697
13,7,26,7,28,7,51,1,0,0,0,0,0,0,0,0,0,0,0,0,0,0,0,0,26352451
44,7,59,7,64,7,0,0,0,0,0,0,0,0,0,0,0,0,0,0,0,0,0,0,26352472
13,7,20,7,23,7,29,7,39,7,51,7,0,0,0,0,0,0,0,0,0,0,0,0,26352481
22,2,60,7,0,0,0,0,0,0,0,0,0,0,0,0,0,0,0,0,0,0,0,0,26353459
45,7,52,7,0,0,0,0,0,0,0,0,0,0,0,0,0,0,0,0,0,0,0,0,26353738
26,7,44,7,0,0,0,0,0,0,0,0,0,0,0,0,0,0,0,0,0,0,0,0,26353883
55,7,66,7,0,0,0,0,0,0,0,0,0,0,0,0,0,0,0,0,0,0,0,0,26354490
1,2,2,7,66,7,0,0,0,0,0,0,0,0,0,0,0,0,0,0,0,0,0,0,26356282
8,7,25,7,65,5,0,0,0,0,0,0,0,0,0,0,0,0,0,0,0,0,0,0,26356368
23,7,51,7,66,7,0,0,0,0,0,0,0,0,0,0,0,0,0,0,0,0,0,0,26357357
9,7,27,7,53,7,0,0,0,0,0,0,0,0,0,0,0,0,0,0,0,0,0,0,26357568
54,7,60,7,0,0,0,0,0,0,0,0,0,0,0,0,0,0,0,0,0,0,0,0,26358734
13,7,23,7,51,7,0,0,0,0,0,0,0,0,0,0,0,0,0,0,0,0,0,0,26359506
46,7,60,2,0,0,0,0,0,0,0,0,0,0,0,0,0,0,0,0,0,0,0,0,26359551
12,7,0,0,0,0,0,0,0,0,0,0,0,0,0,0,0,0,0,0,0,0,0,0,26360167
53,7,62,2,0,0,0,0,0,0,0,0,0,0,0,0,0,0,0,0,0,0,0,0,26361239
8,7,27,7,53,7,62,7,0,0,0,0,0,0,0,0,0,0,0,0,0,0,0,0,26361460
26,7,28,7,46,7,55,7,56,7,59,7,63,7,65,7,0,0,0,0,0,0,0,0,26362310
45,2,63,7,0,0,0,0,0,0,0,0,0,0,0,0,0,0,0,0,0,0,0,0,26362472
22,7,47,7,0,0,0,0,0,0,0,0,0,0,0,0,0,0,0,0,0,0,0,0,26362703
13,2,23,7,0,0,0,0,0,0,0,0,0,0,0,0,0,0,0,0,0,0,0,0,26363321
3,7,12,7,45,7,47,2,55,7,0,0,0,0,0,0,0,0,0,0,0,0,0,0,26364067
55,2,62,7,0,0,0,0,0,0,0,0,0,0,0,0,0,0,0,0,0,0,0,0,26365142
21,7,44,7,51,1,0,0,0,0,0,0,0,0,0,0,0,0,0,0,0,0,0,0,26365153
20,7,26,7,46,7,0,0,0,0,0,0,0,0,0,0,0,0,0,0,0,0,0,0,26365268
22,7,22,7,46,7,52,7,60,7,0,0,0,0,0,0,0,0,0,0,0,0,0,0,26365465
26,1,45,7,63,7,0,0,0,0,0,0,0,0,0,0,0,0,0,0,0,0,0,0,26365898
14,5,26,7,44,1,64,7,0,0,0,0,0,0,0,0,0,0,0,0,0,0,0,0,26366356
25,7,51,1,59,2,0,0,0,0,0,0,0,0,0,0,0,0,0,0,0,0,0,0,26367968
8,7,12,7,53,7,62,7,0,0,0,0,0,0,0,0,0,0,0,0,0,0,0,0,26369304
12,7,20,7,28,7,53,7,0,0,0,0,0,0,0,0,0,0,0,0,0,0,0,0,26372129
22,7,46,7,52,7,0,0,0,0,0,0,0,0,0,0,0,0,0,0,0,0,0,0,26373433
34,7,53,7,62,7,0,0,0,0,0,0,0,0,0,0,0,0,0,0,0,0,0,0,26375350
53,7,62,7,0,0,0,0,0,0,0,0,0,0,0,0,0,0,0,0,0,0,0,0,26375903
28,7,55,2,0,0,0,0,0,0,0,0,0,0,0,0,0,0,0,0,0,0,0,0,26378421
18,7,45,7,63,2,0,0,0,0,0,0,0,0,0,0,0,0,0,0,0,0,0,0,26378878
12,1,22,7,22,7,45,7,46,7,0,0,0,0,0,0,0,0,0,0,0,0,0,0,26395713
28,1,0,0,0,0,0,0,0,0,0,0,0,0,0,0,0,0,0,0,0,0,0,0,26399681
9,7,22,7,55,7,60,7,0,0,0,0,0,0,0,0,0,0,0,0,0,0,0,0,26402154
21,7,23,1,63,7,0,0,0,0,0,0,0,0,0,0,0,0,0,0,0,0,0,0,26404106
3,7,22,7,44,7,46,7,60,7,0,0,0,0,0,0,0,0,0,0,0,0,0,0,26404291
9,7,40,7,60,7,0,0,0,0,0,0,0,0,0,0,0,0,0,0,0,0,0,0,26404691
4,1,0,0,0,0,0,0,0,0,0,0,0,0,0,0,0,0,0,0,0,0,0,0,26406585
20,7,23,7,26,7,0,0,0,0,0,0,0,0,0,0,0,0,0,0,0,0,0,0,26408296
8,7,10,2,62,7,0,0,0,0,0,0,0,0,0,0,0,0,0,0,0,0,0,0,26409752
19,7,20,7,25,7,57,1,0,0,0,0,0,0,0,0,0,0,0,0,0,0,0,0,26409900
45,7,52,7,63,7,0,0,0,0,0,0,0,0,0,0,0,0,0,0,0,0,0,0,26410146
45,7,52,7,55,7,63,7,64,1,0,0,0,0,0,0,0,0,0,0,0,0,0,0,26411445
62,2,0,0,0,0,0,0,0,0,0,0,0,0,0,0,0,0,0,0,0,0,0,0,26414376
21,7,23,7,0,0,0,0,0,0,0,0,0,0,0,0,0,0,0,0,0,0,0,0,26417498
21,7,55,7,0,0,0,0,0,0,0,0,0,0,0,0,0,0,0,0,0,0,0,0,26419001
8,7,10,7,0,0,0,0,0,0,0,0,0,0,0,0,0,0,0,0,0,0,0,0,26422812
46,7,55,7,60,7,0,0,0,0,0,0,0,0,0,0,0,0,0,0,0,0,0,0,26423658
12,7,25,7,26,7,51,1,0,0,0,0,0,0,0,0,0,0,0,0,0,0,0,0,26424168
3,5,4,7,54,7,0,0,0,0,0,0,0,0,0,0,0,0,0,0,0,0,0,0,26428022
6,1,20,7,26,7,28,7,29,7,0,0,0,0,0,0,0,0,0,0,0,0,0,0,26429153
19,7,22,7,26,7,44,7,0,0,0,0,0,0,0,0,0,0,0,0,0,0,0,0,26429273
66,2,0,0,0,0,0,0,0,0,0,0,0,0,0,0,0,0,0,0,0,0,0,0,26434888
1,7,13,1,20,7,0,0,0,0,0,0,0,0,0,0,0,0,0,0,0,0,0,0,26439267
7,7,33,7,0,0,0,0,0,0,0,0,0,0,0,0,0,0,0,0,0,0,0,0,26439559
30,1,42,7,0,0,0,0,0,0,0,0,0,0,0,0,0,0,0,0,0,0,0,0,26440945
20,1,0,0,0,0,0,0,0,0,0,0,0,0,0,0,0,0,0,0,0,0,0,0,26445726
28,1,46,7,52,7,63,7,0,0,0,0,0,0,0,0,0,0,0,0,0,0,0,0,26447732
33,6,43,7,44,7,0,0,0,0,0,0,0,0,0,0,0,0,0,0,0,0,0,0,26449365
44,2,59,7,64,7,0,0,0,0,0,0,0,0,0,0,0,0,0,0,0,0,0,0,26449707
14,1,21,7,22,7,47,7,0,0,0,0,0,0,0,0,0,0,0,0,0,0,0,0,26450762
63,7,65,7,66,7,0,0,0,0,0,0,0,0,0,0,0,0,0,0,0,0,0,0,26457067
59,7,64,2,0,0,0,0,0,0,0,0,0,0,0,0,0,0,0,0,0,0,0,0,26459968
22,7,55,7,0,0,0,0,0,0,0,0,0,0,0,0,0,0,0,0,0,0,0,0,26461654
4,7,20,7,59,7,0,0,0,0,0,0,0,0,0,0,0,0,0,0,0,0,0,0,26462163
28,2,45,7,0,0,0,0,0,0,0,0,0,0,0,0,0,0,0,0,0,0,0,0,26462822
21,7,46,7,47,7,55,7,63,7,0,0,0,0,0,0,0,0,0,0,0,0,0,0,26500070
2,7,20,2,0,0,0,0,0,0,0,0,0,0,0,0,0,0,0,0,0,0,0,0,26500465
3,7,20,1,21,7,38,7,41,7,55,7,59,7,0,0,0,0,0,0,0,0,0,0,26501311
45,7,63,7,0,0,0,0,0,0,0,0,0,0,0,0,0,0,0,0,0,0,0,0,26501433
26,7,62,2,0,0,0,0,0,0,0,0,0,0,0,0,0,0,0,0,0,0,0,0,26502095
2,7,44,7,59,7,0,0,0,0,0,0,0,0,0,0,0,0,0,0,0,0,0,0,26502799
21,7,26,7,47,7,63,7,0,0,0,0,0,0,0,0,0,0,0,0,0,0,0,0,26503864
21,7,62,7,0,0,0,0,0,0,0,0,0,0,0,0,0,0,0,0,0,0,0,0,26505693
62,7,0,0,0,0,0,0,0,0,0,0,0,0,0,0,0,0,0,0,0,0,0,0,26508637
20,1,47,2,0,0,0,0,0,0,0,0,0,0,0,0,0,0,0,0,0,0,0,0,26509064
20,7,21,7,22,7,45,7,0,0,0,0,0,0,0,0,0,0,0,0,0,0,0,0,26510438
4,7,33,7,37,7,0,0,0,0,0,0,0,0,0,0,0,0,0,0,0,0,0,0,26510687
21,7,44,7,0,0,0,0,0,0,0,0,0,0,0,0,0,0,0,0,0,0,0,0,26514372
21,7,45,7,52,7,0,0,0,0,0,0,0,0,0,0,0,0,0,0,0,0,0,0,26514454
20,7,21,7,22,7,45,7,0,0,0,0,0,0,0,0,0,0,0,0,0,0,0,0,26514688
9,7,28,7,65,7,0,0,0,0,0,0,0,0,0,0,0,0,0,0,0,0,0,0,26517289
21,7,45,7,55,7,63,7,0,0,0,0,0,0,0,0,0,0,0,0,0,0,0,0,26517313
22,2,26,7,41,1,46,7,0,0,0,0,0,0,0,0,0,0,0,0,0,0,0,0,26517602
2,1,0,0,0,0,0,0,0,0,0,0,0,0,0,0,0,0,0,0,0,0,0,0,26517687
46,7,55,7,60,7,0,0,0,0,0,0,0,0,0,0,0,0,0,0,0,0,0,0,26518191
21,7,55,7,0,0,0,0,0,0,0,0,0,0,0,0,0,0,0,0,0,0,0,0,26521129
46,7,52,7,55,7,0,0,0,0,0,0,0,0,0,0,0,0,0,0,0,0,0,0,26521794
62,7,0,0,0,0,0,0,0,0,0,0,0,0,0,0,0,0,0,0,0,0,0,0,26523094
35,7,45,7,46,7,0,0,0,0,0,0,0,0,0,0,0,0,0,0,0,0,0,0,26523153
18,7,21,7,45,7,52,7,63,7,0,0,0,0,0,0,0,0,0,0,0,0,0,0,26528047
45,7,52,7,0,0,0,0,0,0,0,0,0,0,0,0,0,0,0,0,0,0,0,0,26528817
18,7,26,7,46,7,0,0,0,0,0,0,0,0,0,0,0,0,0,0,0,0,0,0,26529493
45,7,46,7,56,7,0,0,0,0,0,0,0,0,0,0,0,0,0,0,0,0,0,0,26531370
52,7,65,7,0,0,0,0,0,0,0,0,0,0,0,0,0,0,0,0,0,0,0,0,26535046
66,7,0,0,0,0,0,0,0,0,0,0,0,0,0,0,0,0,0,0,0,0,0,0,26535343
4,7,40,7,0,0,0,0,0,0,0,0,0,0,0,0,0,0,0,0,0,0,0,0,26537332
6,7,35,7,0,0,0,0,0,0,0,0,0,0,0,0,0,0,0,0,0,0,0,0,26537827
52,7,55,7,0,0,0,0,0,0,0,0,0,0,0,0,0,0,0,0,0,0,0,0,26539056
21,7,45,7,47,7,62,2,0,0,0,0,0,0,0,0,0,0,0,0,0,0,0,0,26540424
3,7,9,2,59,7,0,0,0,0,0,0,0,0,0,0,0,0,0,0,0,0,0,0,26540536
6,7,61,7,0,0,0,0,0,0,0,0,0,0,0,0,0,0,0,0,0,0,0,0,26541757
26,7,38,7,59,7,0,0,0,0,0,0,0,0,0,0,0,0,0,0,0,0,0,0,26550487
49,1,0,0,0,0,0,0,0,0,0,0,0,0,0,0,0,0,0,0,0,0,0,0,26551229
10,7,18,1,53,7,62,7,0,0,0,0,0,0,0,0,0,0,0,0,0,0,0,0,26552183
22,7,22,7,64,7,65,7,0,0,0,0,0,0,0,0,0,0,0,0,0,0,0,0,26552267
26,7,28,1,52,7,0,0,0,0,0,0,0,0,0,0,0,0,0,0,0,0,0,0,26552710
4,7,21,7,22,7,22,7,40,1,47,7,60,7,0,0,0,0,0,0,0,0,0,0,26554802
33,1,54,7,59,7,0,0,0,0,0,0,0,0,0,0,0,0,0,0,0,0,0,0,26555346
13,1,0,0,0,0,0,0,0,0,0,0,0,0,0,0,0,0,0,0,0,0,0,0,26556167
1,7,21,7,44,7,45,7,65,7,0,0,0,0,0,0,0,0,0,0,0,0,0,0,26556295
21,7,46,7,52,7,64,1,0,0,0,0,0,0,0,0,0,0,0,0,0,0,0,0,26556499
40,7,0,0,0,0,0,0,0,0,0,0,0,0,0,0,0,0,0,0,0,0,0,0,26557172
45,7,55,2,0,0,0,0,0,0,0,0,0,0,0,0,0,0,0,0,0,0,0,0,26557524
21,7,26,7,45,7,47,7,63,7,0,0,0,0,0,0,0,0,0,0,0,0,0,0,26558716
20,1,45,7,47,7,0,0,0,0,0,0,0,0,0,0,0,0,0,0,0,0,0,0,26559130
20,7,62,7,63,7,0,0,0,0,0,0,0,0,0,0,0,0,0,0,0,0,0,0,26559755
21,7,56,7,63,7,0,0,0,0,0,0,0,0,0,0,0,0,0,0,0,0,0,0,26560031
20,1,26,7,0,0,0,0,0,0,0,0,0,0,0,0,0,0,0,0,0,0,0,0,26560496
62,7,0,0,0,0,0,0,0,0,0,0,0,0,0,0,0,0,0,0,0,0,0,0,26560559
8,1,28,7,0,0,0,0,0,0,0,0,0,0,0,0,0,0,0,0,0,0,0,0,26561402
26,7,45,2,52,7,0,0,0,0,0,0,0,0,0,0,0,0,0,0,0,0,0,0,26561765
26,7,28,7,47,7,52,7,55,7,56,7,63,7,0,0,0,0,0,0,0,0,0,0,26562013
3,7,0,0,0,0,0,0,0,0,0,0,0,0,0,0,0,0,0,0,0,0,0,0,26562038
23,7,26,7,39,1,0,0,0,0,0,0,0,0,0,0,0,0,0,0,0,0,0,0,26562412
12,1,55,7,0,0,0,0,0,0,0,0,0,0,0,0,0,0,0,0,0,0,0,0,26562555
45,7,52,7,55,7,64,7,0,0,0,0,0,0,0,0,0,0,0,0,0,0,0,0,26562737
21,7,55,7,62,7,63,7,0,0,0,0,0,0,0,0,0,0,0,0,0,0,0,0,26563264
3,7,16,1,59,7,0,0,0,0,0,0,0,0,0,0,0,0,0,0,0,0,0,0,26563289
21,7,45,7,47,7,63,2,65,7,0,0,0,0,0,0,0,0,0,0,0,0,0,0,26563573
21,7,22,1,26,7,45,7,47,7,0,0,0,0,0,0,0,0,0,0,0,0,0,0,26564323
21,7,22,7,46,2,47,7,55,7,0,0,0,0,0,0,0,0,0,0,0,0,0,0,26564637
3,7,55,7,60,7,0,0,0,0,0,0,0,0,0,0,0,0,0,0,0,0,0,0,26564816
16,7,54,7,0,0,0,0,0,0,0,0,0,0,0,0,0,0,0,0,0,0,0,0,26566032
53,1,62,7,0,0,0,0,0,0,0,0,0,0,0,0,0,0,0,0,0,0,0,0,26567330
21,7,55,7,60,5,0,0,0,0,0,0,0,0,0,0,0,0,0,0,0,0,0,0,26567731
62,2,0,0,0,0,0,0,0,0,0,0,0,0,0,0,0,0,0,0,0,0,0,0,26567902
18,7,56,7,62,7,0,0,0,0,0,0,0,0,0,0,0,0,0,0,0,0,0,0,26568190
21,7,47,7,63,7,0,0,0,0,0,0,0,0,0,0,0,0,0,0,0,0,0,0,26568619
2,1,20,7,45,7,47,7,63,7,0,0,0,0,0,0,0,0,0,0,0,0,0,0,26569404
3,7,18,6,0,0,0,0,0,0,0,0,0,0,0,0,0,0,0,0,0,0,0,0,26569611
28,1,45,7,47,7,0,0,0,0,0,0,0,0,0,0,0,0,0,0,0,0,0,0,26569812
12,1,28,7,45,7,0,0,0,0,0,0,0,0,0,0,0,0,0,0,0,0,0,0,26570165
9,1,18,7,21,7,52,7,55,7,0,0,0,0,0,0,0,0,0,0,0,0,0,0,26570581
45,7,52,7,55,7,63,7,0,0,0,0,0,0,0,0,0,0,0,0,0,0,0,0,26570765
9,7,45,7,46,7,52,7,55,7,60,7,62,7,63,7,0,0,0,0,0,0,0,0,26570943
2,7,20,7,42,7,59,7,61,7,0,0,0,0,0,0,0,0,0,0,0,0,0,0,26572281
21,7,45,7,52,7,63,7,0,0,0,0,0,0,0,0,0,0,0,0,0,0,0,0,26572536
22,1,60,7,0,0,0,0,0,0,0,0,0,0,0,0,0,0,0,0,0,0,0,0,26574215
13,7,23,7,57,1,0,0,0,0,0,0,0,0,0,0,0,0,0,0,0,0,0,0,26574559
2,1,0,0,0,0,0,0,0,0,0,0,0,0,0,0,0,0,0,0,0,0,0,0,26575109
2,1,59,2,0,0,0,0,0,0,0,0,0,0,0,0,0,0,0,0,0,0,0,0,26575902
21,7,25,7,63,7,0,0,0,0,0,0,0,0,0,0,0,0,0,0,0,0,0,0,26575959
21,7,52,7,55,7,63,7,0,0,0,0,0,0,0,0,0,0,0,0,0,0,0,0,26576224
28,1,52,7,0,0,0,0,0,0,0,0,0,0,0,0,0,0,0,0,0,0,0,0,26576461
53,1,62,7,0,0,0,0,0,0,0,0,0,0,0,0,0,0,0,0,0,0,0,0,26576837
21,7,45,7,63,7,0,0,0,0,0,0,0,0,0,0,0,0,0,0,0,0,0,0,26576906
45,7,55,7,63,7,0,0,0,0,0,0,0,0,0,0,0,0,0,0,0,0,0,0,26577822
9,7,45,7,63,7,0,0,0,0,0,0,0,0,0,0,0,0,0,0,0,0,0,0,26580135
3,7,55,2,0,0,0,0,0,0,0,0,0,0,0,0,0,0,0,0,0,0,0,0,26580371
26,7,45,7,63,7,0,0,0,0,0,0,0,0,0,0,0,0,0,0,0,0,0,0,26580711
40,7,60,7,0,0,0,0,0,0,0,0,0,0,0,0,0,0,0,0,0,0,0,0,26580890
9,1,26,7,28,7,40,7,45,7,46,7,56,7,60,7,0,0,0,0,0,0,0,0,26581072
9,7,18,7,26,7,0,0,0,0,0,0,0,0,0,0,0,0,0,0,0,0,0,0,26581699
23,7,66,7,0,0,0,0,0,0,0,0,0,0,0,0,0,0,0,0,0,0,0,0,26582318
12,7,18,7,44,7,55,7,0,0,0,0,0,0,0,0,0,0,0,0,0,0,0,0,26582714
3,7,12,7,53,1,62,2,0,0,0,0,0,0,0,0,0,0,0,0,0,0,0,0,26583066
52,7,55,2,0,0,0,0,0,0,0,0,0,0,0,0,0,0,0,0,0,0,0,0,26583814
21,7,55,7,60,5,0,0,0,0,0,0,0,0,0,0,0,0,0,0,0,0,0,0,26584321
26,7,28,1,45,7,46,7,63,7,0,0,0,0,0,0,0,0,0,0,0,0,0,0,26584490
21,7,26,7,46,7,47,7,0,0,0,0,0,0,0,0,0,0,0,0,0,0,0,0,26585041
12,7,22,7,26,7,46,7,47,7,60,7,0,0,0,0,0,0,0,0,0,0,0,0,26585347
22,2,46,7,54,1,60,7,64,7,0,0,0,0,0,0,0,0,0,0,0,0,0,0,26586521
22,2,46,7,60,7,0,0,0,0,0,0,0,0,0,0,0,0,0,0,0,0,0,0,26592512
21,7,45,7,63,7,0,0,0,0,0,0,0,0,0,0,0,0,0,0,0,0,0,0,26595699
60,7,0,0,0,0,0,0,0,0,0,0,0,0,0,0,0,0,0,0,0,0,0,0,26596301
12,7,27,7,62,7,0,0,0,0,0,0,0,0,0,0,0,0,0,0,0,0,0,0,26598928
1,7,35,7,43,1,46,7,0,0,0,0,0,0,0,0,0,0,0,0,0,0,0,0,26608801
62,7,0,0,0,0,0,0,0,0,0,0,0,0,0,0,0,0,0,0,0,0,0,0,26610760
20,2,28,7,0,0,0,0,0,0,0,0,0,0,0,0,0,0,0,0,0,0,0,0,26612433
19,7,25,7,51,1,0,0,0,0,0,0,0,0,0,0,0,0,0,0,0,0,0,0,26613805
9,2,12,7,0,0,0,0,0,0,0,0,0,0,0,0,0,0,0,0,0,0,0,0,26614089
23,7,44,7,64,7,0,0,0,0,0,0,0,0,0,0,0,0,0,0,0,0,0,0,26615094
21,7,22,7,26,7,54,1,55,7,63,7,0,0,0,0,0,0,0,0,0,0,0,0,26615252
12,1,35,7,63,7,0,0,0,0,0,0,0,0,0,0,0,0,0,0,0,0,0,0,26620005
21,2,62,7,0,0,0,0,0,0,0,0,0,0,0,0,0,0,0,0,0,0,0,0,26627125
20,2,0,0,0,0,0,0,0,0,0,0,0,0,0,0,0,0,0,0,0,0,0,0,26627389
3,7,9,7,11,7,12,7,17,7,18,7,0,0,0,0,0,0,0,0,0,0,0,0,26630520
37,1,40,2,0,0,0,0,0,0,0,0,0,0,0,0,0,0,0,0,0,0,0,0,26632570
21,7,63,7,0,0,0,0,0,0,0,0,0,0,0,0,0,0,0,0,0,0,0,0,26636807
9,7,22,7,27,7,29,7,55,7,0,0,0,0,0,0,0,0,0,0,0,0,0,0,26639624
9,2,18,7,0,0,0,0,0,0,0,0,0,0,0,0,0,0,0,0,0,0,0,0,26648453
21,2,62,7,0,0,0,0,0,0,0,0,0,0,0,0,0,0,0,0,0,0,0,0,26649564
22,7,22,7,55,7,60,7,0,0,0,0,0,0,0,0,0,0,0,0,0,0,0,0,26650218
45,7,52,7,63,7,0,0,0,0,0,0,0,0,0,0,0,0,0,0,0,0,0,0,26655856
45,7,46,7,0,0,0,0,0,0,0,0,0,0,0,0,0,0,0,0,0,0,0,0,26657900
44,7,46,7,60,7,62,7,65,7,0,0,0,0,0,0,0,0,0,0,0,0,0,0,26668751
29,7,0,0,0,0,0,0,0,0,0,0,0,0,0,0,0,0,0,0,0,0,0,0,26669268
46,7,55,7,60,7,0,0,0,0,0,0,0,0,0,0,0,0,0,0,0,0,0,0,26670762
12,7,22,7,56,7,60,7,64,7,65,7,0,0,0,0,0,0,0,0,0,0,0,0,26672982
1,7,0,0,0,0,0,0,0,0,0,0,0,0,0,0,0,0,0,0,0,0,0,0,26673084
26,7,37,7,51,7,66,7,0,0,0,0,0,0,0,0,0,0,0,0,0,0,0,0,26673497
21,7,22,7,28,1,46,7,52,7,63,7,0,0,0,0,0,0,0,0,0,0,0,0,26675077
21,7,45,7,52,7,55,2,63,7,0,0,0,0,0,0,0,0,0,0,0,0,0,0,26681897
53,7,62,7,0,0,0,0,0,0,0,0,0,0,0,0,0,0,0,0,0,0,0,0,26693528
20,1,21,7,45,7,47,7,0,0,0,0,0,0,0,0,0,0,0,0,0,0,0,0,26695754
26,7,45,7,52,7,63,7,0,0,0,0,0,0,0,0,0,0,0,0,0,0,0,0,26697578
4,1,46,7,55,7,60,7,0,0,0,0,0,0,0,0,0,0,0,0,0,0,0,0,26697689
26,7,44,7,0,0,0,0,0,0,0,0,0,0,0,0,0,0,0,0,0,0,0,0,26698749
18,7,19,7,59,7,0,0,0,0,0,0,0,0,0,0,0,0,0,0,0,0,0,0,26699671
3,7,62,7,0,0,0,0,0,0,0,0,0,0,0,0,0,0,0,0,0,0,0,0,26701254
18,7,28,7,46,7,55,7,0,0,0,0,0,0,0,0,0,0,0,0,0,0,0,0,26705979
21,7,47,7,59,7,0,0,0,0,0,0,0,0,0,0,0,0,0,0,0,0,0,0,26709395
1,7,2,7,20,7,21,7,0,0,0,0,0,0,0,0,0,0,0,0,0,0,0,0,26710182
45,7,55,2,0,0,0,0,0,0,0,0,0,0,0,0,0,0,0,0,0,0,0,0,26715789
40,7,60,7,0,0,0,0,0,0,0,0,0,0,0,0,0,0,0,0,0,0,0,0,26716713
47,7,52,7,63,7,65,7,0,0,0,0,0,0,0,0,0,0,0,0,0,0,0,0,26719996
22,7,47,7,52,7,65,7,0,0,0,0,0,0,0,0,0,0,0,0,0,0,0,0,26727039
20,7,25,7,26,7,47,7,63,7,0,0,0,0,0,0,0,0,0,0,0,0,0,0,26727802
52,7,55,7,63,7,0,0,0,0,0,0,0,0,0,0,0,0,0,0,0,0,0,0,26727887
4,7,59,7,0,0,0,0,0,0,0,0,0,0,0,0,0,0,0,0,0,0,0,0,26729525
22,7,46,7,52,7,55,7,60,7,0,0,0,0,0,0,0,0,0,0,0,0,0,0,26742805
9,7,12,7,55,7,0,0,0,0,0,0,0,0,0,0,0,0,0,0,0,0,0,0,26746414
3,7,26,7,46,7,55,7,62,7,65,7,0,0,0,0,0,0,0,0,0,0,0,0,26749467
21,2,45,7,47,7,55,7,0,0,0,0,0,0,0,0,0,0,0,0,0,0,0,0,26756397
20,7,45,7,46,7,47,7,63,7,0,0,0,0,0,0,0,0,0,0,0,0,0,0,26761742
12,7,13,7,0,0,0,0,0,0,0,0,0,0,0,0,0,0,0,0,0,0,0,0,26765220
3,7,9,7,12,7,18,7,0,0,0,0,0,0,0,0,0,0,0,0,0,0,0,0,26767664
8,7,11,7,14,7,17,7,20,7,35,7,42,7,50,7,0,0,0,0,0,0,0,0,26767833
44,7,59,2,0,0,0,0,0,0,0,0,0,0,0,0,0,0,0,0,0,0,0,0,26768663
45,7,47,7,53,1,62,7,63,7,0,0,0,0,0,0,0,0,0,0,0,0,0,0,26769205
19,7,22,7,22,7,23,1,45,7,47,7,63,7,0,0,0,0,0,0,0,0,0,0,26769372
44,7,47,7,63,7,0,0,0,0,0,0,0,0,0,0,0,0,0,0,0,0,0,0,26774340
22,7,26,7,28,7,45,7,46,7,47,7,63,7,0,0,0,0,0,0,0,0,0,0,26778295
52,7,55,7,0,0,0,0,0,0,0,0,0,0,0,0,0,0,0,0,0,0,0,0,26778504
3,1,45,7,55,7,0,0,0,0,0,0,0,0,0,0,0,0,0,0,0,0,0,0,26781928
46,7,55,2,0,0,0,0,0,0,0,0,0,0,0,0,0,0,0,0,0,0,0,0,26782033
21,7,45,7,0,0,0,0,0,0,0,0,0,0,0,0,0,0,0,0,0,0,0,0,26783538
45,7,46,7,63,7,0,0,0,0,0,0,0,0,0,0,0,0,0,0,0,0,0,0,26785056
45,7,63,2,0,0,0,0,0,0,0,0,0,0,0,0,0,0,0,0,0,0,0,0,26791519
9,7,12,7,28,1,0,0,0,0,0,0,0,0,0,0,0,0,0,0,0,0,0,0,26791560
21,7,26,7,63,7,0,0,0,0,0,0,0,0,0,0,0,0,0,0,0,0,0,0,26794036
22,7,26,7,44,7,46,7,55,7,0,0,0,0,0,0,0,0,0,0,0,0,0,0,26796087
3,7,52,7,55,2,0,0,0,0,0,0,0,0,0,0,0,0,0,0,0,0,0,0,26802292
20,1,21,7,52,7,63,7,0,0,0,0,0,0,0,0,0,0,0,0,0,0,0,0,26803765
4,7,55,7,0,0,0,0,0,0,0,0,0,0,0,0,0,0,0,0,0,0,0,0,26807311
12,7,0,0,0,0,0,0,0,0,0,0,0,0,0,0,0,0,0,0,0,0,0,0,26807817
15,7,54,7,0,0,0,0,0,0,0,0,0,0,0,0,0,0,0,0,0,0,0,0,26810028
60,7,0,0,0,0,0,0,0,0,0,0,0,0,0,0,0,0,0,0,0,0,0,0,26813374
13,1,45,7,52,7,55,7,63,7,0,0,0,0,0,0,0,0,0,0,0,0,0,0,26813631
46,7,55,2,0,0,0,0,0,0,0,0,0,0,0,0,0,0,0,0,0,0,0,0,26814026
21,2,25,7,26,7,52,7,55,7,0,0,0,0,0,0,0,0,0,0,0,0,0,0,26814536
46,7,60,7,0,0,0,0,0,0,0,0,0,0,0,0,0,0,0,0,0,0,0,0,26815329
55,7,60,7,0,0,0,0,0,0,0,0,0,0,0,0,0,0,0,0,0,0,0,0,26815782
12,7,25,7,46,7,52,7,55,7,63,7,65,7,0,0,0,0,0,0,0,0,0,0,26817360
47,7,52,7,55,7,0,0,0,0,0,0,0,0,0,0,0,0,0,0,0,0,0,0,26821947
62,7,63,7,0,0,0,0,0,0,0,0,0,0,0,0,0,0,0,0,0,0,0,0,26824278
3,7,52,7,55,7,0,0,0,0,0,0,0,0,0,0,0,0,0,0,0,0,0,0,26824529
12,1,62,2,0,0,0,0,0,0,0,0,0,0,0,0,0,0,0,0,0,0,0,0,26825844
22,7,46,7,63,2,0,0,0,0,0,0,0,0,0,0,0,0,0,0,0,0,0,0,26826357
3,7,44,7,55,7,60,7,0,0,0,0,0,0,0,0,0,0,0,0,0,0,0,0,26828011
53,1,62,2,0,0,0,0,0,0,0,0,0,0,0,0,0,0,0,0,0,0,0,0,26829338
21,7,46,7,55,7,0,0,0,0,0,0,0,0,0,0,0,0,0,0,0,0,0,0,26830341
26,7,55,7,0,0,0,0,0,0,0,0,0,0,0,0,0,0,0,0,0,0,0,0,26837113
46,7,55,7,60,2,0,0,0,0,0,0,0,0,0,0,0,0,0,0,0,0,0,0,26837379
3,1,52,2,56,7,65,7,0,0,0,0,0,0,0,0,0,0,0,0,0,0,0,0,26839431
12,7,20,7,51,7,0,0,0,0,0,0,0,0,0,0,0,0,0,0,0,0,0,0,26839748
22,7,60,7,0,0,0,0,0,0,0,0,0,0,0,0,0,0,0,0,0,0,0,0,26843907
11,7,62,7,0,0,0,0,0,0,0,0,0,0,0,0,0,0,0,0,0,0,0,0,26844952
3,7,4,7,9,7,12,7,18,7,59,7,0,0,0,0,0,0,0,0,0,0,0,0,26846191
15,1,44,7,59,7,64,7,0,0,0,0,0,0,0,0,0,0,0,0,0,0,0,0,26846716
20,7,26,7,41,7,63,7,0,0,0,0,0,0,0,0,0,0,0,0,0,0,0,0,26854629
3,7,4,1,59,7,0,0,0,0,0,0,0,0,0,0,0,0,0,0,0,0,0,0,26855961
3,1,26,7,45,7,0,0,0,0,0,0,0,0,0,0,0,0,0,0,0,0,0,0,26856162
23,7,39,2,0,0,0,0,0,0,0,0,0,0,0,0,0,0,0,0,0,0,0,0,26858107
22,7,46,7,55,7,0,0,0,0,0,0,0,0,0,0,0,0,0,0,0,0,0,0,26859078
45,7,46,7,55,2,63,7,0,0,0,0,0,0,0,0,0,0,0,0,0,0,0,0,26859267
3,7,26,7,46,7,0,0,0,0,0,0,0,0,0,0,0,0,0,0,0,0,0,0,26859873
26,7,55,7,63,7,0,0,0,0,0,0,0,0,0,0,0,0,0,0,0,0,0,0,26862350
47,7,63,2,0,0,0,0,0,0,0,0,0,0,0,0,0,0,0,0,0,0,0,0,26868421
14,7,50,7,51,7,66,7,0,0,0,0,0,0,0,0,0,0,0,0,0,0,0,0,26868751
44,7,55,2,0,0,0,0,0,0,0,0,0,0,0,0,0,0,0,0,0,0,0,0,26870604
21,7,45,7,47,7,56,7,0,0,0,0,0,0,0,0,0,0,0,0,0,0,0,0,26871414
1,2,47,7,0,0,0,0,0,0,0,0,0,0,0,0,0,0,0,0,0,0,0,0,26873057
46,7,56,7,60,7,0,0,0,0,0,0,0,0,0,0,0,0,0,0,0,0,0,0,26875245
3,7,9,7,12,7,0,0,0,0,0,0,0,0,0,0,0,0,0,0,0,0,0,0,26876487
26,7,52,7,55,7,56,7,63,7,0,0,0,0,0,0,0,0,0,0,0,0,0,0,26883784
45,7,52,7,63,7,0,0,0,0,0,0,0,0,0,0,0,0,0,0,0,0,0,0,26884569
45,7,46,7,52,7,0,0,0,0,0,0,0,0,0,0,0,0,0,0,0,0,0,0,26888066
4,7,19,7,63,7,0,0,0,0,0,0,0,0,0,0,0,0,0,0,0,0,0,0,26889808
28,7,29,7,45,7,47,7,63,7,0,0,0,0,0,0,0,0,0,0,0,0,0,0,26890118
66,7,0,0,0,0,0,0,0,0,0,0,0,0,0,0,0,0,0,0,0,0,0,0,26890392
1,1,0,0,0,0,0,0,0,0,0,0,0,0,0,0,0,0,0,0,0,0,0,0,26895303
28,2,62,7,0,0,0,0,0,0,0,0,0,0,0,0,0,0,0,0,0,0,0,0,26898206
44,7,46,7,55,7,59,7,60,7,64,7,65,7,0,0,0,0,0,0,0,0,0,0,26898702
21,7,23,7,55,7,0,0,0,0,0,0,0,0,0,0,0,0,0,0,0,0,0,0,26898950
48,7,0,0,0,0,0,0,0,0,0,0,0,0,0,0,0,0,0,0,0,0,0,0,26902841
45,7,63,2,0,0,0,0,0,0,0,0,0,0,0,0,0,0,0,0,0,0,0,0,26909479
48,7,0,0,0,0,0,0,0,0,0,0,0,0,0,0,0,0,0,0,0,0,0,0,26911989
21,7,26,7,47,7,63,7,65,7,0,0,0,0,0,0,0,0,0,0,0,0,0,0,26912366
4,7,9,7,18,7,64,7,0,0,0,0,0,0,0,0,0,0,0,0,0,0,0,0,26914701
12,7,53,7,0,0,0,0,0,0,0,0,0,0,0,0,0,0,0,0,0,0,0,0,26917389
4,7,64,7,0,0,0,0,0,0,0,0,0,0,0,0,0,0,0,0,0,0,0,0,26920736
24,7,27,1,53,7,0,0,0,0,0,0,0,0,0,0,0,0,0,0,0,0,0,0,26921511
3,7,8,7,9,7,12,7,13,7,28,7,55,7,0,0,0,0,0,0,0,0,0,0,26924466
21,7,22,7,52,7,0,0,0,0,0,0,0,0,0,0,0,0,0,0,0,0,0,0,26925762
16,7,54,2,0,0,0,0,0,0,0,0,0,0,0,0,0,0,0,0,0,0,0,0,26943820
1,7,2,7,20,7,0,0,0,0,0,0,0,0,0,0,0,0,0,0,0,0,0,0,26952572
44,7,55,7,56,7,0,0,0,0,0,0,0,0,0,0,0,0,0,0,0,0,0,0,26953418
5,1,23,7,0,0,0,0,0,0,0,0,0,0,0,0,0,0,0,0,0,0,0,0,27075395
44,1,59,7,0,0,0,0,0,0,0,0,0,0,0,0,0,0,0,0,0,0,0,0,27431370
4,7,59,7,0,0,0,0,0,0,0,0,0,0,0,0,0,0,0,0,0,0,0,0,27535759
3,7,52,7,55,7,64,7,0,0,0,0,0,0,0,0,0,0,0,0,0,0,0,0,27629755
62,7,0,0,0,0,0,0,0,0,0,0,0,0,0,0,0,0,0,0,0,0,0,0,27635274
