4,7,40,7,59,7,0,0,0,0,0,0,0,0,0,0,0,0,0,0,0,0,0,0,203
8,1,51,7,54,7,0,0,0,0,0,0,0,0,0,0,0,0,0,0,0,0,0,0,2182
21,7,54,7,0,0,0,0,0,0,0,0,0,0,0,0,0,0,0,0,0,0,0,0,3615
61,2,0,0,0,0,0,0,0,0,0,0,0,0,0,0,0,0,0,0,0,0,0,0,11595
20,7,38,7,58,7,0,0,0,0,0,0,0,0,0,0,0,0,0,0,0,0,0,0,59204
37,7,51,7,62,2,0,0,0,0,0,0,0,0,0,0,0,0,0,0,0,0,0,0,92454
44,7,51,7,54,7,58,7,0,0,0,0,0,0,0,0,0,0,0,0,0,0,0,0,114959
12,7,52,1,0,0,0,0,0,0,0,0,0,0,0,0,0,0,0,0,0,0,0,0,159342
3,1,45,7,46,7,0,0,0,0,0,0,0,0,0,0,0,0,0,0,0,0,0,0,224631
27,1,45,2,0,0,0,0,0,0,0,0,0,0,0,0,0,0,0,0,0,0,0,0,256326
3,7,4,1,46,7,54,7,0,0,0,0,0,0,0,0,0,0,0,0,0,0,0,0,274940
22,7,44,7,59,2,0,0,0,0,0,0,0,0,0,0,0,0,0,0,0,0,0,0,277672
46,7,54,7,59,1,0,0,0,0,0,0,0,0,0,0,0,0,0,0,0,0,0,0,277673
3,7,9,7,12,7,18,7,20,7,27,7,37,7,61,7,63,1,0,0,0,0,0,0,350912
7,7,44,7,0,0,0,0,0,0,0,0,0,0,0,0,0,0,0,0,0,0,0,0,358390
21,7,45,7,54,7,0,0,0,0,0,0,0,0,0,0,0,0,0,0,0,0,0,0,382455
24,7,0,0,0,0,0,0,0,0,0,0,0,0,0,0,0,0,0,0,0,0,0,0,428183
4,1,18,7,44,7,58,7,0,0,0,0,0,0,0,0,0,0,0,0,0,0,0,0,456506
3,7,9,7,12,7,18,7,21,7,45,7,46,7,51,7,54,7,62,7,64,7,0,0,461339
46,7,54,7,59,2,0,0,0,0,0,0,0,0,0,0,0,0,0,0,0,0,0,0,467365
51,7,54,7,62,7,0,0,0,0,0,0,0,0,0,0,0,0,0,0,0,0,0,0,468702
3,7,9,7,18,7,50,7,54,7,58,7,0,0,0,0,0,0,0,0,0,0,0,0,525659
2,7,5,1,0,0,0,0,0,0,0,0,0,0,0,0,0,0,0,0,0,0,0,0,547070
15,7,37,7,0,0,0,0,0,0,0,0,0,0,0,0,0,0,0,0,0,0,0,0,612184
9,7,12,7,13,1,18,7,23,7,44,7,50,7,0,0,0,0,0,0,0,0,0,0,635266
18,7,45,2,46,7,0,0,0,0,0,0,0,0,0,0,0,0,0,0,0,0,0,0,637769
61,7,0,0,0,0,0,0,0,0,0,0,0,0,0,0,0,0,0,0,0,0,0,0,653983
40,7,54,2,59,7,0,0,0,0,0,0,0,0,0,0,0,0,0,0,0,0,0,0,732380
25,7,46,7,0,0,0,0,0,0,0,0,0,0,0,0,0,0,0,0,0,0,0,0,775077
45,1,54,7,0,0,0,0,0,0,0,0,0,0,0,0,0,0,0,0,0,0,0,0,788400
12,7,21,7,44,7,45,7,54,7,59,7,61,7,62,7,0,0,0,0,0,0,0,0,790007
20,1,22,7,62,7,0,0,0,0,0,0,0,0,0,0,0,0,0,0,0,0,0,0,828427
8,1,9,7,12,7,22,7,51,7,0,0,0,0,0,0,0,0,0,0,0,0,0,0,839752
50,1,62,7,0,0,0,0,0,0,0,0,0,0,0,0,0,0,0,0,0,0,0,0,871926
14,1,0,0,0,0,0,0,0,0,0,0,0,0,0,0,0,0,0,0,0,0,0,0,883274
6,1,12,7,20,7,23,7,25,2,0,0,0,0,0,0,0,0,0,0,0,0,0,0,894238
9,7,12,7,18,7,20,7,0,0,0,0,0,0,0,0,0,0,0,0,0,0,0,0,903423
20,1,44,7,0,0,0,0,0,0,0,0,0,0,0,0,0,0,0,0,0,0,0,0,983815
45,7,62,7,0,0,0,0,0,0,0,0,0,0,0,0,0,0,0,0,0,0,0,0,984463
3,7,22,7,46,7,51,7,0,0,0,0,0,0,0,0,0,0,0,0,0,0,0,0,986265
13,7,20,7,22,7,45,7,46,7,54,7,0,0,0,0,0,0,0,0,0,0,0,0,1004637
18,7,46,7,59,7,0,0,0,0,0,0,0,0,0,0,0,0,0,0,0,0,0,0,1020170
59,7,0,0,0,0,0,0,0,0,0,0,0,0,0,0,0,0,0,0,0,0,0,0,1045037
3,1,4,7,9,7,12,7,18,7,28,7,45,7,62,7,63,7,0,0,0,0,0,0,1091650
6,5,22,7,22,1,0,0,0,0,0,0,0,0,0,0,0,0,0,0,0,0,0,0,1105764
12,7,52,7,0,0,0,0,0,0,0,0,0,0,0,0,0,0,0,0,0,0,0,0,1159625
51,7,0,0,0,0,0,0,0,0,0,0,0,0,0,0,0,0,0,0,0,0,0,0,1197073
45,7,51,7,54,7,0,0,0,0,0,0,0,0,0,0,0,0,0,0,0,0,0,0,1216912
5,1,57,7,0,0,0,0,0,0,0,0,0,0,0,0,0,0,0,0,0,0,0,0,1218614
27,1,45,7,51,7,0,0,0,0,0,0,0,0,0,0,0,0,0,0,0,0,0,0,1263328
4,1,46,7,54,7,0,0,0,0,0,0,0,0,0,0,0,0,0,0,0,0,0,0,1301541
3,7,8,1,9,7,12,7,52,7,0,0,0,0,0,0,0,0,0,0,0,0,0,0,1329786
61,7,0,0,0,0,0,0,0,0,0,0,0,0,0,0,0,0,0,0,0,0,0,0,1362749
21,7,45,7,0,0,0,0,0,0,0,0,0,0,0,0,0,0,0,0,0,0,0,0,1381323
4,1,59,7,0,0,0,0,0,0,0,0,0,0,0,0,0,0,0,0,0,0,0,0,1383587
3,7,54,7,0,0,0,0,0,0,0,0,0,0,0,0,0,0,0,0,0,0,0,0,1414804
4,7,9,7,0,0,0,0,0,0,0,0,0,0,0,0,0,0,0,0,0,0,0,0,1434974
41,7,0,0,0,0,0,0,0,0,0,0,0,0,0,0,0,0,0,0,0,0,0,0,1474405
46,7,59,7,0,0,0,0,0,0,0,0,0,0,0,0,0,0,0,0,0,0,0,0,1498003
21,7,22,7,51,7,54,7,0,0,0,0,0,0,0,0,0,0,0,0,0,0,0,0,1506255
20,2,46,7,59,7,0,0,0,0,0,0,0,0,0,0,0,0,0,0,0,0,0,0,1516293
3,7,12,7,18,7,44,7,54,7,0,0,0,0,0,0,0,0,0,0,0,0,0,0,1532121
20,7,44,1,46,7,54,7,62,7,0,0,0,0,0,0,0,0,0,0,0,0,0,0,1539753
21,7,22,2,54,7,0,0,0,0,0,0,0,0,0,0,0,0,0,0,0,0,0,0,1569189
18,7,45,7,51,7,64,7,0,0,0,0,0,0,0,0,0,0,0,0,0,0,0,0,1576861
28,7,44,1,51,7,63,7,0,0,0,0,0,0,0,0,0,0,0,0,0,0,0,0,1613296
21,7,62,7,0,0,0,0,0,0,0,0,0,0,0,0,0,0,0,0,0,0,0,0,1656305
12,7,24,1,52,7,0,0,0,0,0,0,0,0,0,0,0,0,0,0,0,0,0,0,1708674
13,7,19,7,23,7,0,0,0,0,0,0,0,0,0,0,0,0,0,0,0,0,0,0,1739514
9,7,11,1,12,7,18,7,0,0,0,0,0,0,0,0,0,0,0,0,0,0,0,0,1745738
21,7,45,7,61,7,0,0,0,0,0,0,0,0,0,0,0,0,0,0,0,0,0,0,1748769
23,7,44,2,0,0,0,0,0,0,0,0,0,0,0,0,0,0,0,0,0,0,0,0,1753355
10,7,52,2,61,7,0,0,0,0,0,0,0,0,0,0,0,0,0,0,0,0,0,0,1794210
5,7,12,7,13,1,20,7,0,0,0,0,0,0,0,0,0,0,0,0,0,0,0,0,1801954
12,7,45,7,61,7,0,0,0,0,0,0,0,0,0,0,0,0,0,0,0,0,0,0,1817828
3,7,12,1,54,7,0,0,0,0,0,0,0,0,0,0,0,0,0,0,0,0,0,0,1820325
3,7,7,7,0,0,0,0,0,0,0,0,0,0,0,0,0,0,0,0,0,0,0,0,1821298
3,7,44,7,46,7,54,7,59,7,0,0,0,0,0,0,0,0,0,0,0,0,0,0,1828765
46,7,54,7,59,7,0,0,0,0,0,0,0,0,0,0,0,0,0,0,0,0,0,0,1873051
27,7,46,7,54,7,0,0,0,0,0,0,0,0,0,0,0,0,0,0,0,0,0,0,1896837
1,7,2,7,20,6,30,1,44,7,0,0,0,0,0,0,0,0,0,0,0,0,0,0,1900968
9,1,44,7,54,7,58,7,0,0,0,0,0,0,0,0,0,0,0,0,0,0,0,0,1906883
20,1,21,7,62,7,0,0,0,0,0,0,0,0,0,0,0,0,0,0,0,0,0,0,1913417
4,1,9,2,12,7,0,0,0,0,0,0,0,0,0,0,0,0,0,0,0,0,0,0,1919817
10,1,12,7,27,7,52,7,0,0,0,0,0,0,0,0,0,0,0,0,0,0,0,0,1936591
12,7,20,7,52,6,61,7,0,0,0,0,0,0,0,0,0,0,0,0,0,0,0,0,1937905
3,7,12,7,18,7,27,5,46,7,51,7,54,7,0,0,0,0,0,0,0,0,0,0,1948587
12,7,54,2,64,7,0,0,0,0,0,0,0,0,0,0,0,0,0,0,0,0,0,0,1957803
9,7,10,2,12,7,20,7,61,7,0,0,0,0,0,0,0,0,0,0,0,0,0,0,1967126
3,7,54,7,58,2,0,0,0,0,0,0,0,0,0,0,0,0,0,0,0,0,0,0,2005738
45,7,62,7,0,0,0,0,0,0,0,0,0,0,0,0,0,0,0,0,0,0,0,0,2021481
4,1,54,2,0,0,0,0,0,0,0,0,0,0,0,0,0,0,0,0,0,0,0,0,2057727
21,7,45,7,46,7,54,7,62,1,64,7,0,0,0,0,0,0,0,0,0,0,0,0,2061241
21,7,22,7,46,7,54,7,62,7,0,0,0,0,0,0,0,0,0,0,0,0,0,0,2081609
46,7,54,7,59,7,0,0,0,0,0,0,0,0,0,0,0,0,0,0,0,0,0,0,2099156
45,7,46,7,54,7,59,5,0,0,0,0,0,0,0,0,0,0,0,0,0,0,0,0,2103416
12,7,13,7,20,7,22,7,41,1,53,7,61,7,0,0,0,0,0,0,0,0,0,0,2115951
13,2,23,7,0,0,0,0,0,0,0,0,0,0,0,0,0,0,0,0,0,0,0,0,2138867
3,7,18,7,27,7,46,7,51,7,54,7,0,0,0,0,0,0,0,0,0,0,0,0,2178197
45,7,46,7,54,2,0,0,0,0,0,0,0,0,0,0,0,0,0,0,0,0,0,0,2227475
3,7,22,7,54,7,55,7,59,2,0,0,0,0,0,0,0,0,0,0,0,0,0,0,2302731
18,1,45,7,0,0,0,0,0,0,0,0,0,0,0,0,0,0,0,0,0,0,0,0,2352641
12,7,20,1,45,7,0,0,0,0,0,0,0,0,0,0,0,0,0,0,0,0,0,0,2413180
45,7,46,7,54,7,0,0,0,0,0,0,0,0,0,0,0,0,0,0,0,0,0,0,2415092
13,1,0,0,0,0,0,0,0,0,0,0,0,0,0,0,0,0,0,0,0,0,0,0,2419618
34,2,57,1,0,0,0,0,0,0,0,0,0,0,0,0,0,0,0,0,0,0,0,0,2445743
28,2,0,0,0,0,0,0,0,0,0,0,0,0,0,0,0,0,0,0,0,0,0,0,2503645
58,7,0,0,0,0,0,0,0,0,0,0,0,0,0,0,0,0,0,0,0,0,0,0,2527173
20,1,0,0,0,0,0,0,0,0,0,0,0,0,0,0,0,0,0,0,0,0,0,0,2557558
12,7,54,7,61,7,0,0,0,0,0,0,0,0,0,0,0,0,0,0,0,0,0,0,2561530
8,1,12,7,20,7,54,7,61,7,0,0,0,0,0,0,0,0,0,0,0,0,0,0,2598671
3,7,4,7,9,7,12,7,18,7,46,7,54,7,0,0,0,0,0,0,0,0,0,0,2605665
22,7,61,7,0,0,0,0,0,0,0,0,0,0,0,0,0,0,0,0,0,0,0,0,2607563
2,7,0,0,0,0,0,0,0,0,0,0,0,0,0,0,0,0,0,0,0,0,0,0,2682586
21,7,46,7,62,7,0,0,0,0,0,0,0,0,0,0,0,0,0,0,0,0,0,0,2697540
12,7,61,7,0,0,0,0,0,0,0,0,0,0,0,0,0,0,0,0,0,0,0,0,2704236
45,7,54,7,0,0,0,0,0,0,0,0,0,0,0,0,0,0,0,0,0,0,0,0,2717183
3,7,12,7,18,7,53,7,0,0,0,0,0,0,0,0,0,0,0,0,0,0,0,0,2822149
3,7,19,7,20,7,25,7,41,7,0,0,0,0,0,0,0,0,0,0,0,0,0,0,2833690
51,7,54,7,55,7,0,0,0,0,0,0,0,0,0,0,0,0,0,0,0,0,0,0,2847049
12,7,21,7,63,7,0,0,0,0,0,0,0,0,0,0,0,0,0,0,0,0,0,0,2849228
3,7,4,7,53,7,0,0,0,0,0,0,0,0,0,0,0,0,0,0,0,0,0,0,2863554
4,1,59,7,0,0,0,0,0,0,0,0,0,0,0,0,0,0,0,0,0,0,0,0,2885103
20,7,36,1,0,0,0,0,0,0,0,0,0,0,0,0,0,0,0,0,0,0,0,0,2891253
20,7,21,7,45,7,46,7,51,7,54,7,62,7,0,0,0,0,0,0,0,0,0,0,2916276
46,7,54,7,0,0,0,0,0,0,0,0,0,0,0,0,0,0,0,0,0,0,0,0,2918132
28,7,0,0,0,0,0,0,0,0,0,0,0,0,0,0,0,0,0,0,0,0,0,0,2927135
54,2,59,7,0,0,0,0,0,0,0,0,0,0,0,0,0,0,0,0,0,0,0,0,2930146
3,7,9,1,45,7,46,7,54,7,62,7,0,0,0,0,0,0,0,0,0,0,0,0,2952648
44,7,49,7,58,7,0,0,0,0,0,0,0,0,0,0,0,0,0,0,0,0,0,0,3031029
9,7,20,7,58,7,64,7,0,0,0,0,0,0,0,0,0,0,0,0,0,0,0,0,3065342
3,7,54,2,0,0,0,0,0,0,0,0,0,0,0,0,0,0,0,0,0,0,0,0,3168589
46,7,51,7,55,7,59,7,0,0,0,0,0,0,0,0,0,0,0,0,0,0,0,0,3182050
3,1,61,2,0,0,0,0,0,0,0,0,0,0,0,0,0,0,0,0,0,0,0,0,3221751
12,7,44,7,63,7,0,0,0,0,0,0,0,0,0,0,0,0,0,0,0,0,0,0,3250434
3,7,40,7,44,7,58,7,0,0,0,0,0,0,0,0,0,0,0,0,0,0,0,0,3253179
12,7,20,7,55,2,59,7,0,0,0,0,0,0,0,0,0,0,0,0,0,0,0,0,3382914
61,7,0,0,0,0,0,0,0,0,0,0,0,0,0,0,0,0,0,0,0,0,0,0,3388255
21,7,45,7,51,7,54,7,62,7,0,0,0,0,0,0,0,0,0,0,0,0,0,0,3446029
21,7,28,2,62,7,0,0,0,0,0,0,0,0,0,0,0,0,0,0,0,0,0,0,3449108
45,7,46,7,0,0,0,0,0,0,0,0,0,0,0,0,0,0,0,0,0,0,0,0,3464826
46,7,0,0,0,0,0,0,0,0,0,0,0,0,0,0,0,0,0,0,0,0,0,0,3498802
21,7,45,1,51,7,62,7,0,0,0,0,0,0,0,0,0,0,0,0,0,0,0,0,3503967
3,7,18,7,40,7,45,7,46,7,51,7,54,7,59,7,0,0,0,0,0,0,0,0,3514112
12,7,18,7,46,7,54,2,0,0,0,0,0,0,0,0,0,0,0,0,0,0,0,0,3522150
22,7,22,7,54,7,0,0,0,0,0,0,0,0,0,0,0,0,0,0,0,0,0,0,3545388
9,7,12,7,18,7,0,0,0,0,0,0,0,0,0,0,0,0,0,0,0,0,0,0,3581063
21,2,44,7,54,7,0,0,0,0,0,0,0,0,0,0,0,0,0,0,0,0,0,0,3638748
20,7,0,0,0,0,0,0,0,0,0,0,0,0,0,0,0,0,0,0,0,0,0,0,3675749
21,7,22,7,45,7,0,0,0,0,0,0,0,0,0,0,0,0,0,0,0,0,0,0,3676067
3,1,0,0,0,0,0,0,0,0,0,0,0,0,0,0,0,0,0,0,0,0,0,0,3714805
2,7,9,7,12,7,20,7,22,7,22,7,44,7,58,7,0,0,0,0,0,0,0,0,3716025
21,7,46,7,54,7,0,0,0,0,0,0,0,0,0,0,0,0,0,0,0,0,0,0,3718493
18,7,59,2,0,0,0,0,0,0,0,0,0,0,0,0,0,0,0,0,0,0,0,0,3724021
10,7,18,7,52,7,0,0,0,0,0,0,0,0,0,0,0,0,0,0,0,0,0,0,3741464
4,7,9,7,53,7,0,0,0,0,0,0,0,0,0,0,0,0,0,0,0,0,0,0,3745901
3,7,12,7,27,7,0,0,0,0,0,0,0,0,0,0,0,0,0,0,0,0,0,0,3756534
8,7,10,2,12,7,0,0,0,0,0,0,0,0,0,0,0,0,0,0,0,0,0,0,3757685
4,7,12,2,18,7,0,0,0,0,0,0,0,0,0,0,0,0,0,0,0,0,0,0,3764205
45,7,51,1,54,7,62,7,0,0,0,0,0,0,0,0,0,0,0,0,0,0,0,0,3780870
12,7,20,1,54,7,0,0,0,0,0,0,0,0,0,0,0,0,0,0,0,0,0,0,3802440
24,1,52,7,61,7,0,0,0,0,0,0,0,0,0,0,0,0,0,0,0,0,0,0,3806436
21,7,45,7,0,0,0,0,0,0,0,0,0,0,0,0,0,0,0,0,0,0,0,0,3813255
20,7,28,7,44,7,0,0,0,0,0,0,0,0,0,0,0,0,0,0,0,0,0,0,3830434
1,1,22,7,22,7,40,7,0,0,0,0,0,0,0,0,0,0,0,0,0,0,0,0,3866852
45,7,51,7,62,7,0,0,0,0,0,0,0,0,0,0,0,0,0,0,0,0,0,0,3900198
12,7,18,7,20,7,54,7,0,0,0,0,0,0,0,0,0,0,0,0,0,0,0,0,3908804
3,7,9,7,18,7,27,7,59,7,0,0,0,0,0,0,0,0,0,0,0,0,0,0,3911258
20,1,54,7,0,0,0,0,0,0,0,0,0,0,0,0,0,0,0,0,0,0,0,0,3946175
20,7,0,0,0,0,0,0,0,0,0,0,0,0,0,0,0,0,0,0,0,0,0,0,3969199
28,1,0,0,0,0,0,0,0,0,0,0,0,0,0,0,0,0,0,0,0,0,0,0,3978102
3,7,45,7,54,7,0,0,0,0,0,0,0,0,0,0,0,0,0,0,0,0,0,0,4004838
12,1,61,7,0,0,0,0,0,0,0,0,0,0,0,0,0,0,0,0,0,0,0,0,4007085
9,7,12,7,59,7,0,0,0,0,0,0,0,0,0,0,0,0,0,0,0,0,0,0,4074294
22,7,46,7,54,7,59,7,0,0,0,0,0,0,0,0,0,0,0,0,0,0,0,0,4097190
19,7,20,1,0,0,0,0,0,0,0,0,0,0,0,0,0,0,0,0,0,0,0,0,4102440
45,2,51,1,0,0,0,0,0,0,0,0,0,0,0,0,0,0,0,0,0,0,0,0,4110138
21,7,45,7,46,7,51,7,54,7,62,7,0,0,0,0,0,0,0,0,0,0,0,0,4119447
58,7,63,1,0,0,0,0,0,0,0,0,0,0,0,0,0,0,0,0,0,0,0,0,4119688
45,7,59,1,0,0,0,0,0,0,0,0,0,0,0,0,0,0,0,0,0,0,0,0,4122974
63,7,0,0,0,0,0,0,0,0,0,0,0,0,0,0,0,0,0,0,0,0,0,0,4179999
45,7,51,7,54,7,63,7,64,7,0,0,0,0,0,0,0,0,0,0,0,0,0,0,4181784
4,7,9,7,18,7,0,0,0,0,0,0,0,0,0,0,0,0,0,0,0,0,0,0,4208899
3,7,42,1,51,7,54,7,64,7,0,0,0,0,0,0,0,0,0,0,0,0,0,0,4233868
12,7,61,7,0,0,0,0,0,0,0,0,0,0,0,0,0,0,0,0,0,0,0,0,4261514
1,7,2,7,23,7,0,0,0,0,0,0,0,0,0,0,0,0,0,0,0,0,0,0,4414304
45,2,46,7,62,7,0,0,0,0,0,0,0,0,0,0,0,0,0,0,0,0,0,0,4431390
32,1,0,0,0,0,0,0,0,0,0,0,0,0,0,0,0,0,0,0,0,0,0,0,4443505
8,1,52,7,0,0,0,0,0,0,0,0,0,0,0,0,0,0,0,0,0,0,0,0,4462813
20,7,0,0,0,0,0,0,0,0,0,0,0,0,0,0,0,0,0,0,0,0,0,0,4500711
45,7,51,7,52,1,54,7,62,7,0,0,0,0,0,0,0,0,0,0,0,0,0,0,4510404
45,7,46,7,51,7,54,7,0,0,0,0,0,0,0,0,0,0,0,0,0,0,0,0,4531875
54,7,64,7,0,0,0,0,0,0,0,0,0,0,0,0,0,0,0,0,0,0,0,0,4591455
61,7,0,0,0,0,0,0,0,0,0,0,0,0,0,0,0,0,0,0,0,0,0,0,4596700
3,2,9,7,12,7,58,5,0,0,0,0,0,0,0,0,0,0,0,0,0,0,0,0,4597212
1,7,2,7,20,7,28,7,0,0,0,0,0,0,0,0,0,0,0,0,0,0,0,0,4677671
1,7,12,2,20,7,0,0,0,0,0,0,0,0,0,0,0,0,0,0,0,0,0,0,4677762
12,7,21,7,45,7,46,7,51,7,54,7,57,1,0,0,0,0,0,0,0,0,0,0,4687824
4,7,9,7,19,7,20,7,0,0,0,0,0,0,0,0,0,0,0,0,0,0,0,0,4716340
12,7,13,7,20,7,46,7,50,7,52,7,59,7,0,0,0,0,0,0,0,0,0,0,4742409
46,7,59,7,0,0,0,0,0,0,0,0,0,0,0,0,0,0,0,0,0,0,0,0,4762031
3,7,9,7,20,7,44,7,59,7,0,0,0,0,0,0,0,0,0,0,0,0,0,0,4775436
18,7,51,7,61,2,0,0,0,0,0,0,0,0,0,0,0,0,0,0,0,0,0,0,4784757
45,7,0,0,0,0,0,0,0,0,0,0,0,0,0,0,0,0,0,0,0,0,0,0,4900117
7,7,16,7,53,7,0,0,0,0,0,0,0,0,0,0,0,0,0,0,0,0,0,0,4913288
51,7,63,7,64,7,0,0,0,0,0,0,0,0,0,0,0,0,0,0,0,0,0,0,4929013
33,1,0,0,0,0,0,0,0,0,0,0,0,0,0,0,0,0,0,0,0,0,0,0,4950269
44,7,0,0,0,0,0,0,0,0,0,0,0,0,0,0,0,0,0,0,0,0,0,0,5001722
21,7,22,7,22,7,28,7,45,7,0,0,0,0,0,0,0,0,0,0,0,0,0,0,5020116
10,2,12,7,52,7,0,0,0,0,0,0,0,0,0,0,0,0,0,0,0,0,0,0,5024939
12,1,21,7,45,7,54,7,0,0,0,0,0,0,0,0,0,0,0,0,0,0,0,0,5031771
28,7,44,7,0,0,0,0,0,0,0,0,0,0,0,0,0,0,0,0,0,0,0,0,5036322
1,1,20,7,45,7,0,0,0,0,0,0,0,0,0,0,0,0,0,0,0,0,0,0,5038078
22,7,54,7,59,7,0,0,0,0,0,0,0,0,0,0,0,0,0,0,0,0,0,0,5067532
12,7,0,0,0,0,0,0,0,0,0,0,0,0,0,0,0,0,0,0,0,0,0,0,5076633
21,7,22,7,54,7,64,7,0,0,0,0,0,0,0,0,0,0,0,0,0,0,0,0,5095713
20,7,44,7,0,0,0,0,0,0,0,0,0,0,0,0,0,0,0,0,0,0,0,0,5117246
20,7,0,0,0,0,0,0,0,0,0,0,0,0,0,0,0,0,0,0,0,0,0,0,5126599
12,7,13,7,23,7,0,0,0,0,0,0,0,0,0,0,0,0,0,0,0,0,0,0,5180010
4,7,9,7,18,7,0,0,0,0,0,0,0,0,0,0,0,0,0,0,0,0,0,0,5190395
3,7,9,1,0,0,0,0,0,0,0,0,0,0,0,0,0,0,0,0,0,0,0,0,5207591
12,7,18,7,46,7,51,7,54,7,62,7,0,0,0,0,0,0,0,0,0,0,0,0,5250552
20,7,25,7,32,1,60,7,0,0,0,0,0,0,0,0,0,0,0,0,0,0,0,0,5299220
22,7,22,7,46,7,59,7,63,1,0,0,0,0,0,0,0,0,0,0,0,0,0,0,5299725
3,7,4,7,46,7,59,2,0,0,0,0,0,0,0,0,0,0,0,0,0,0,0,0,5300268
3,1,9,7,12,7,18,7,51,7,0,0,0,0,0,0,0,0,0,0,0,0,0,0,5319930
1,1,20,6,21,7,22,7,22,7,44,7,45,7,46,7,0,0,0,0,0,0,0,0,5341478
12,7,21,7,22,7,46,7,54,7,0,0,0,0,0,0,0,0,0,0,0,0,0,0,5384867
4,1,50,7,0,0,0,0,0,0,0,0,0,0,0,0,0,0,0,0,0,0,0,0,5393467
21,7,22,7,45,7,54,7,0,0,0,0,0,0,0,0,0,0,0,0,0,0,0,0,5466124
1,7,2,7,10,7,12,7,20,7,27,7,28,7,35,7,63,7,0,0,0,0,0,0,5525943
61,2,0,0,0,0,0,0,0,0,0,0,0,0,0,0,0,0,0,0,0,0,0,0,5526698
12,7,27,6,51,7,0,0,0,0,0,0,0,0,0,0,0,0,0,0,0,0,0,0,5538756
3,7,18,7,27,7,0,0,0,0,0,0,0,0,0,0,0,0,0,0,0,0,0,0,5556864
18,1,0,0,0,0,0,0,0,0,0,0,0,0,0,0,0,0,0,0,0,0,0,0,5585389
19,1,21,7,62,7,0,0,0,0,0,0,0,0,0,0,0,0,0,0,0,0,0,0,5632096
34,7,48,1,0,0,0,0,0,0,0,0,0,0,0,0,0,0,0,0,0,0,0,0,5637904
21,7,45,7,62,7,0,0,0,0,0,0,0,0,0,0,0,0,0,0,0,0,0,0,5665698
4,1,12,7,54,2,0,0,0,0,0,0,0,0,0,0,0,0,0,0,0,0,0,0,5723199
18,7,27,7,63,7,0,0,0,0,0,0,0,0,0,0,0,0,0,0,0,0,0,0,5724166
3,7,20,7,0,0,0,0,0,0,0,0,0,0,0,0,0,0,0,0,0,0,0,0,5730971
3,7,5,7,11,7,44,7,61,7,63,7,0,0,0,0,0,0,0,0,0,0,0,0,5744614
21,7,22,7,62,7,64,7,0,0,0,0,0,0,0,0,0,0,0,0,0,0,0,0,5761206
8,1,12,7,20,7,28,7,46,7,0,0,0,0,0,0,0,0,0,0,0,0,0,0,5800393
27,1,46,7,62,7,0,0,0,0,0,0,0,0,0,0,0,0,0,0,0,0,0,0,5824057
3,7,12,7,20,7,0,0,0,0,0,0,0,0,0,0,0,0,0,0,0,0,0,0,5868372
3,7,9,7,44,7,46,7,54,7,58,7,0,0,0,0,0,0,0,0,0,0,0,0,5917422
45,7,51,7,54,7,62,7,0,0,0,0,0,0,0,0,0,0,0,0,0,0,0,0,5945725
3,1,54,2,0,0,0,0,0,0,0,0,0,0,0,0,0,0,0,0,0,0,0,0,5973699
45,7,46,7,59,1,0,0,0,0,0,0,0,0,0,0,0,0,0,0,0,0,0,0,5980289
44,7,54,7,0,0,0,0,0,0,0,0,0,0,0,0,0,0,0,0,0,0,0,0,5996421
3,7,12,7,20,7,27,7,46,7,49,7,54,7,59,7,63,1,0,0,0,0,0,0,6029019
12,7,20,7,21,7,22,7,32,1,46,7,59,7,61,7,0,0,0,0,0,0,0,0,6043763
3,7,9,7,18,7,52,7,63,7,0,0,0,0,0,0,0,0,0,0,0,0,0,0,6054030
11,7,12,7,0,0,0,0,0,0,0,0,0,0,0,0,0,0,0,0,0,0,0,0,6074292
6,7,23,1,57,7,0,0,0,0,0,0,0,0,0,0,0,0,0,0,0,0,0,0,6093898
3,7,9,7,20,7,44,7,59,7,0,0,0,0,0,0,0,0,0,0,0,0,0,0,6115905
3,2,22,7,54,7,59,7,0,0,0,0,0,0,0,0,0,0,0,0,0,0,0,0,6153025
21,7,27,7,51,7,54,7,61,7,62,7,0,0,0,0,0,0,0,0,0,0,0,0,6156754
3,7,4,7,9,7,0,0,0,0,0,0,0,0,0,0,0,0,0,0,0,0,0,0,6176555
9,1,22,7,44,7,51,7,54,7,0,0,0,0,0,0,0,0,0,0,0,0,0,0,6216031
41,1,54,2,0,0,0,0,0,0,0,0,0,0,0,0,0,0,0,0,0,0,0,0,6245202
4,7,18,7,45,7,62,7,0,0,0,0,0,0,0,0,0,0,0,0,0,0,0,0,6253851
27,1,0,0,0,0,0,0,0,0,0,0,0,0,0,0,0,0,0,0,0,0,0,0,6269631
41,7,44,7,56,7,0,0,0,0,0,0,0,0,0,0,0,0,0,0,0,0,0,0,6293656
20,7,0,0,0,0,0,0,0,0,0,0,0,0,0,0,0,0,0,0,0,0,0,0,6327437
12,7,27,7,0,0,0,0,0,0,0,0,0,0,0,0,0,0,0,0,0,0,0,0,6372181
6,1,34,2,0,0,0,0,0,0,0,0,0,0,0,0,0,0,0,0,0,0,0,0,6373806
22,7,45,7,46,7,54,7,62,7,0,0,0,0,0,0,0,0,0,0,0,0,0,0,6461817
19,7,20,7,23,7,25,7,0,0,0,0,0,0,0,0,0,0,0,0,0,0,0,0,6483271
13,7,20,7,41,1,0,0,0,0,0,0,0,0,0,0,0,0,0,0,0,0,0,0,6505195
3,7,4,7,9,7,0,0,0,0,0,0,0,0,0,0,0,0,0,0,0,0,0,0,6553869
22,7,46,7,50,1,59,7,0,0,0,0,0,0,0,0,0,0,0,0,0,0,0,0,6584973
12,1,21,7,51,7,0,0,0,0,0,0,0,0,0,0,0,0,0,0,0,0,0,0,6606137
20,7,23,7,35,7,36,1,56,7,0,0,0,0,0,0,0,0,0,0,0,0,0,0,6656230
9,7,40,1,46,7,59,7,0,0,0,0,0,0,0,0,0,0,0,0,0,0,0,0,6661780
12,1,61,7,0,0,0,0,0,0,0,0,0,0,0,0,0,0,0,0,0,0,0,0,6676104
45,7,62,1,0,0,0,0,0,0,0,0,0,0,0,0,0,0,0,0,0,0,0,0,6706176
3,7,4,1,12,7,18,7,0,0,0,0,0,0,0,0,0,0,0,0,0,0,0,0,6716825
5,1,25,7,38,7,57,7,61,7,0,0,0,0,0,0,0,0,0,0,0,0,0,0,6742312
12,7,27,7,0,0,0,0,0,0,0,0,0,0,0,0,0,0,0,0,0,0,0,0,6749598
18,7,20,7,22,7,27,7,28,7,46,7,51,7,54,7,0,0,0,0,0,0,0,0,6803337
21,7,27,7,63,7,0,0,0,0,0,0,0,0,0,0,0,0,0,0,0,0,0,0,6850347
3,7,54,2,0,0,0,0,0,0,0,0,0,0,0,0,0,0,0,0,0,0,0,0,6920906
1,7,2,2,11,7,0,0,0,0,0,0,0,0,0,0,0,0,0,0,0,0,0,0,6922784
27,7,44,7,0,0,0,0,0,0,0,0,0,0,0,0,0,0,0,0,0,0,0,0,6923297
3,7,21,7,45,7,54,7,0,0,0,0,0,0,0,0,0,0,0,0,0,0,0,0,6934716
20,2,44,7,58,7,0,0,0,0,0,0,0,0,0,0,0,0,0,0,0,0,0,0,6996260
54,7,59,7,0,0,0,0,0,0,0,0,0,0,0,0,0,0,0,0,0,0,0,0,7056564
1,7,5,7,13,7,20,7,23,7,56,7,0,0,0,0,0,0,0,0,0,0,0,0,7078230
45,7,54,7,62,7,0,0,0,0,0,0,0,0,0,0,0,0,0,0,0,0,0,0,7139054
21,7,23,6,44,7,0,0,0,0,0,0,0,0,0,0,0,0,0,0,0,0,0,0,7189289
18,7,51,7,0,0,0,0,0,0,0,0,0,0,0,0,0,0,0,0,0,0,0,0,7210450
1,7,2,7,20,7,44,7,0,0,0,0,0,0,0,0,0,0,0,0,0,0,0,0,7228139
3,7,16,1,61,7,0,0,0,0,0,0,0,0,0,0,0,0,0,0,0,0,0,0,7266816
8,1,9,7,12,7,20,7,61,7,0,0,0,0,0,0,0,0,0,0,0,0,0,0,7288982
22,7,25,7,57,7,0,0,0,0,0,0,0,0,0,0,0,0,0,0,0,0,0,0,7394213
46,7,55,7,59,7,0,0,0,0,0,0,0,0,0,0,0,0,0,0,0,0,0,0,7413598
20,7,21,7,23,7,28,7,44,7,45,7,58,7,62,7,0,0,0,0,0,0,0,0,7431761
45,7,46,7,55,7,0,0,0,0,0,0,0,0,0,0,0,0,0,0,0,0,0,0,7450767
7,1,9,7,0,0,0,0,0,0,0,0,0,0,0,0,0,0,0,0,0,0,0,0,7465033
20,7,0,0,0,0,0,0,0,0,0,0,0,0,0,0,0,0,0,0,0,0,0,0,7512259
9,7,11,7,12,7,18,7,50,7,0,0,0,0,0,0,0,0,0,0,0,0,0,0,7526356
20,7,0,0,0,0,0,0,0,0,0,0,0,0,0,0,0,0,0,0,0,0,0,0,7553632
3,7,54,2,0,0,0,0,0,0,0,0,0,0,0,0,0,0,0,0,0,0,0,0,7578645
4,7,12,7,18,7,50,1,0,0,0,0,0,0,0,0,0,0,0,0,0,0,0,0,7582020
20,7,21,7,44,7,0,0,0,0,0,0,0,0,0,0,0,0,0,0,0,0,0,0,7593351
20,7,21,7,22,7,0,0,0,0,0,0,0,0,0,0,0,0,0,0,0,0,0,0,7605841
8,2,10,7,0,0,0,0,0,0,0,0,0,0,0,0,0,0,0,0,0,0,0,0,7607090
3,7,51,7,54,7,0,0,0,0,0,0,0,0,0,0,0,0,0,0,0,0,0,0,7646517
51,7,54,7,0,0,0,0,0,0,0,0,0,0,0,0,0,0,0,0,0,0,0,0,7649352
3,7,18,7,45,7,54,7,0,0,0,0,0,0,0,0,0,0,0,0,0,0,0,0,7683047
12,2,52,7,0,0,0,0,0,0,0,0,0,0,0,0,0,0,0,0,0,0,0,0,7713801
52,1,0,0,0,0,0,0,0,0,0,0,0,0,0,0,0,0,0,0,0,0,0,0,7719115
10,1,12,7,17,7,27,7,61,7,0,0,0,0,0,0,0,0,0,0,0,0,0,0,7733693
38,7,45,7,62,7,0,0,0,0,0,0,0,0,0,0,0,0,0,0,0,0,0,0,7745190
1,7,2,7,3,7,5,7,6,7,9,7,10,7,11,7,12,7,18,7,52,7,0,0,7789076
45,7,54,7,62,7,0,0,0,0,0,0,0,0,0,0,0,0,0,0,0,0,0,0,7818178
44,7,54,7,58,7,0,0,0,0,0,0,0,0,0,0,0,0,0,0,0,0,0,0,7824069
25,7,0,0,0,0,0,0,0,0,0,0,0,0,0,0,0,0,0,0,0,0,0,0,7889516
12,7,36,1,0,0,0,0,0,0,0,0,0,0,0,0,0,0,0,0,0,0,0,0,7897798
3,7,9,7,18,7,51,7,54,7,0,0,0,0,0,0,0,0,0,0,0,0,0,0,7962812
12,7,20,7,46,7,54,7,0,0,0,0,0,0,0,0,0,0,0,0,0,0,0,0,8048870
13,1,45,7,51,7,62,7,0,0,0,0,0,0,0,0,0,0,0,0,0,0,0,0,8056841
8,7,12,7,27,7,37,7,52,7,62,7,64,7,0,0,0,0,0,0,0,0,0,0,8081811
45,7,51,7,0,0,0,0,0,0,0,0,0,0,0,0,0,0,0,0,0,0,0,0,8094024
9,1,20,7,46,7,54,7,59,7,0,0,0,0,0,0,0,0,0,0,0,0,0,0,8116290
3,7,20,7,0,0,0,0,0,0,0,0,0,0,0,0,0,0,0,0,0,0,0,0,8117061
20,1,21,7,22,7,44,7,62,7,0,0,0,0,0,0,0,0,0,0,0,0,0,0,8126058
4,7,0,0,0,0,0,0,0,0,0,0,0,0,0,0,0,0,0,0,0,0,0,0,8188772
1,7,61,2,0,0,0,0,0,0,0,0,0,0,0,0,0,0,0,0,0,0,0,0,8192131
20,7,21,7,0,0,0,0,0,0,0,0,0,0,0,0,0,0,0,0,0,0,0,0,8225480
1,7,12,7,14,1,20,7,0,0,0,0,0,0,0,0,0,0,0,0,0,0,0,0,8272868
3,7,9,6,12,7,18,7,0,0,0,0,0,0,0,0,0,0,0,0,0,0,0,0,8351051
27,7,45,7,46,7,51,7,62,7,0,0,0,0,0,0,0,0,0,0,0,0,0,0,8366613
3,7,49,7,58,2,0,0,0,0,0,0,0,0,0,0,0,0,0,0,0,0,0,0,8381018
3,7,12,7,18,7,0,0,0,0,0,0,0,0,0,0,0,0,0,0,0,0,0,0,8381235
12,7,20,7,22,7,61,7,0,0,0,0,0,0,0,0,0,0,0,0,0,0,0,0,8383520
60,7,0,0,0,0,0,0,0,0,0,0,0,0,0,0,0,0,0,0,0,0,0,0,8409371
23,7,41,7,0,0,0,0,0,0,0,0,0,0,0,0,0,0,0,0,0,0,0,0,8436848
6,1,20,7,0,0,0,0,0,0,0,0,0,0,0,0,0,0,0,0,0,0,0,0,8439078
21,7,45,7,0,0,0,0,0,0,0,0,0,0,0,0,0,0,0,0,0,0,0,0,8443114
49,1,54,7,0,0,0,0,0,0,0,0,0,0,0,0,0,0,0,0,0,0,0,0,8490759
19,1,55,7,0,0,0,0,0,0,0,0,0,0,0,0,0,0,0,0,0,0,0,0,8502157
1,7,2,7,14,7,20,7,48,1,0,0,0,0,0,0,0,0,0,0,0,0,0,0,8531035
12,7,16,1,20,7,59,7,0,0,0,0,0,0,0,0,0,0,0,0,0,0,0,0,8553380
57,7,60,7,0,0,0,0,0,0,0,0,0,0,0,0,0,0,0,0,0,0,0,0,8592816
4,1,12,7,0,0,0,0,0,0,0,0,0,0,0,0,0,0,0,0,0,0,0,0,8595176
12,7,46,7,51,7,54,7,62,7,0,0,0,0,0,0,0,0,0,0,0,0,0,0,8595227
3,7,12,7,22,7,22,7,44,7,51,7,54,7,63,7,0,0,0,0,0,0,0,0,8635983
21,7,45,7,51,7,62,7,0,0,0,0,0,0,0,0,0,0,0,0,0,0,0,0,8682841
4,7,12,7,20,7,0,0,0,0,0,0,0,0,0,0,0,0,0,0,0,0,0,0,8711596
61,7,0,0,0,0,0,0,0,0,0,0,0,0,0,0,0,0,0,0,0,0,0,0,8733155
21,7,51,7,54,7,0,0,0,0,0,0,0,0,0,0,0,0,0,0,0,0,0,0,8744573
9,7,12,7,20,7,0,0,0,0,0,0,0,0,0,0,0,0,0,0,0,0,0,0,8746282
45,7,54,7,61,7,0,0,0,0,0,0,0,0,0,0,0,0,0,0,0,0,0,0,8807418
21,7,44,1,45,7,0,0,0,0,0,0,0,0,0,0,0,0,0,0,0,0,0,0,8808283
11,7,41,7,46,7,54,7,58,7,61,7,0,0,0,0,0,0,0,0,0,0,0,0,8840074
18,7,46,2,0,0,0,0,0,0,0,0,0,0,0,0,0,0,0,0,0,0,0,0,8851237
3,2,20,1,0,0,0,0,0,0,0,0,0,0,0,0,0,0,0,0,0,0,0,0,8853482
12,7,50,1,54,2,61,7,0,0,0,0,0,0,0,0,0,0,0,0,0,0,0,0,8897673
3,2,12,7,63,7,0,0,0,0,0,0,0,0,0,0,0,0,0,0,0,0,0,0,8900471
62,7,0,0,0,0,0,0,0,0,0,0,0,0,0,0,0,0,0,0,0,0,0,0,8908537
20,1,61,7,0,0,0,0,0,0,0,0,0,0,0,0,0,0,0,0,0,0,0,0,8931227
12,7,26,1,61,7,0,0,0,0,0,0,0,0,0,0,0,0,0,0,0,0,0,0,8934797
46,7,54,7,59,7,0,0,0,0,0,0,0,0,0,0,0,0,0,0,0,0,0,0,8941157
21,7,45,7,54,7,62,7,0,0,0,0,0,0,0,0,0,0,0,0,0,0,0,0,8951342
4,1,22,7,46,7,54,7,0,0,0,0,0,0,0,0,0,0,0,0,0,0,0,0,8952848
8,7,52,7,0,0,0,0,0,0,0,0,0,0,0,0,0,0,0,0,0,0,0,0,8977961
36,1,0,0,0,0,0,0,0,0,0,0,0,0,0,0,0,0,0,0,0,0,0,0,8990088
12,7,18,1,27,7,54,7,0,0,0,0,0,0,0,0,0,0,0,0,0,0,0,0,9033728
10,7,0,0,0,0,0,0,0,0,0,0,0,0,0,0,0,0,0,0,0,0,0,0,9082894
12,7,20,7,50,1,0,0,0,0,0,0,0,0,0,0,0,0,0,0,0,0,0,0,9098853
2,2,11,7,12,7,13,7,0,0,0,0,0,0,0,0,0,0,0,0,0,0,0,0,9118600
10,1,12,7,20,7,61,7,0,0,0,0,0,0,0,0,0,0,0,0,0,0,0,0,9139410
12,7,19,7,0,0,0,0,0,0,0,0,0,0,0,0,0,0,0,0,0,0,0,0,9170303
20,7,0,0,0,0,0,0,0,0,0,0,0,0,0,0,0,0,0,0,0,0,0,0,9199820
21,7,27,7,54,2,61,7,0,0,0,0,0,0,0,0,0,0,0,0,0,0,0,0,9211413
3,7,9,7,22,7,22,7,46,7,51,7,55,7,59,7,0,0,0,0,0,0,0,0,9220008
3,7,12,7,27,7,45,7,62,7,0,0,0,0,0,0,0,0,0,0,0,0,0,0,9256655
11,7,40,7,0,0,0,0,0,0,0,0,0,0,0,0,0,0,0,0,0,0,0,0,9329259
4,1,54,7,0,0,0,0,0,0,0,0,0,0,0,0,0,0,0,0,0,0,0,0,9346369
9,7,12,7,19,7,22,7,25,7,38,7,45,7,46,7,0,0,0,0,0,0,0,0,9372383
12,7,18,7,0,0,0,0,0,0,0,0,0,0,0,0,0,0,0,0,0,0,0,0,9401190
2,7,12,7,61,7,0,0,0,0,0,0,0,0,0,0,0,0,0,0,0,0,0,0,9406232
23,7,0,0,0,0,0,0,0,0,0,0,0,0,0,0,0,0,0,0,0,0,0,0,9468288
3,7,20,7,61,7,0,0,0,0,0,0,0,0,0,0,0,0,0,0,0,0,0,0,9481258
22,7,41,7,44,7,58,7,0,0,0,0,0,0,0,0,0,0,0,0,0,0,0,0,9488018
20,7,22,7,27,7,46,7,0,0,0,0,0,0,0,0,0,0,0,0,0,0,0,0,9493849
3,7,4,7,18,7,0,0,0,0,0,0,0,0,0,0,0,0,0,0,0,0,0,0,9566865
54,7,55,7,0,0,0,0,0,0,0,0,0,0,0,0,0,0,0,0,0,0,0,0,9601785
22,7,28,7,46,7,55,7,0,0,0,0,0,0,0,0,0,0,0,0,0,0,0,0,9667787
22,7,54,7,0,0,0,0,0,0,0,0,0,0,0,0,0,0,0,0,0,0,0,0,9686267
46,7,51,7,54,7,0,0,0,0,0,0,0,0,0,0,0,0,0,0,0,0,0,0,9719007
20,7,0,0,0,0,0,0,0,0,0,0,0,0,0,0,0,0,0,0,0,0,0,0,9821673
20,7,28,7,44,7,59,7,0,0,0,0,0,0,0,0,0,0,0,0,0,0,0,0,9830193
2,7,9,7,11,7,0,0,0,0,0,0,0,0,0,0,0,0,0,0,0,0,0,0,9832452
9,7,12,7,59,7,0,0,0,0,0,0,0,0,0,0,0,0,0,0,0,0,0,0,9848969
51,7,54,2,62,7,0,0,0,0,0,0,0,0,0,0,0,0,0,0,0,0,0,0,9851253
16,7,53,7,0,0,0,0,0,0,0,0,0,0,0,0,0,0,0,0,0,0,0,0,9951166
20,1,21,7,22,7,54,7,0,0,0,0,0,0,0,0,0,0,0,0,0,0,0,0,10049331
1,7,20,7,28,7,38,7,44,7,0,0,0,0,0,0,0,0,0,0,0,0,0,0,10081954
20,7,0,0,0,0,0,0,0,0,0,0,0,0,0,0,0,0,0,0,0,0,0,0,10098107
3,1,12,7,27,7,0,0,0,0,0,0,0,0,0,0,0,0,0,0,0,0,0,0,10104516
20,7,22,7,27,7,0,0,0,0,0,0,0,0,0,0,0,0,0,0,0,0,0,0,10109814
4,7,8,1,20,7,21,7,27,7,38,7,0,0,0,0,0,0,0,0,0,0,0,0,10123310
12,7,61,2,0,0,0,0,0,0,0,0,0,0,0,0,0,0,0,0,0,0,0,0,10160274
3,7,20,7,54,7,59,7,0,0,0,0,0,0,0,0,0,0,0,0,0,0,0,0,10177062
20,2,23,7,0,0,0,0,0,0,0,0,0,0,0,0,0,0,0,0,0,0,0,0,10213323
12,7,21,2,0,0,0,0,0,0,0,0,0,0,0,0,0,0,0,0,0,0,0,0,10247277
11,1,58,2,0,0,0,0,0,0,0,0,0,0,0,0,0,0,0,0,0,0,0,0,10256194
12,7,13,2,20,2,21,7,0,0,0,0,0,0,0,0,0,0,0,0,0,0,0,0,10283839
41,7,0,0,0,0,0,0,0,0,0,0,0,0,0,0,0,0,0,0,0,0,0,0,10300067
3,7,22,7,54,7,59,7,0,0,0,0,0,0,0,0,0,0,0,0,0,0,0,0,10323478
5,1,0,0,0,0,0,0,0,0,0,0,0,0,0,0,0,0,0,0,0,0,0,0,10328980
3,7,9,7,12,7,18,7,46,7,54,7,0,0,0,0,0,0,0,0,0,0,0,0,10338089
22,7,46,7,54,7,64,7,0,0,0,0,0,0,0,0,0,0,0,0,0,0,0,0,10344916
12,7,27,7,36,1,46,7,0,0,0,0,0,0,0,0,0,0,0,0,0,0,0,0,10448782
57,1,0,0,0,0,0,0,0,0,0,0,0,0,0,0,0,0,0,0,0,0,0,0,10490075
21,7,45,7,0,0,0,0,0,0,0,0,0,0,0,0,0,0,0,0,0,0,0,0,10553575
20,7,21,7,44,7,52,7,54,7,61,7,0,0,0,0,0,0,0,0,0,0,0,0,10564205
22,7,45,7,46,7,51,7,59,7,0,0,0,0,0,0,0,0,0,0,0,0,0,0,10601061
20,1,61,7,0,0,0,0,0,0,0,0,0,0,0,0,0,0,0,0,0,0,0,0,10604443
1,7,13,1,20,7,0,0,0,0,0,0,0,0,0,0,0,0,0,0,0,0,0,0,10608526
45,7,46,7,54,7,62,7,0,0,0,0,0,0,0,0,0,0,0,0,0,0,0,0,10608680
21,7,33,1,62,7,0,0,0,0,0,0,0,0,0,0,0,0,0,0,0,0,0,0,10672900
20,7,22,7,37,7,0,0,0,0,0,0,0,0,0,0,0,0,0,0,0,0,0,0,10685008
3,7,18,7,23,7,37,7,61,7,0,0,0,0,0,0,0,0,0,0,0,0,0,0,10689095
3,7,44,7,58,7,0,0,0,0,0,0,0,0,0,0,0,0,0,0,0,0,0,0,10697824
44,7,45,7,54,7,61,7,64,7,0,0,0,0,0,0,0,0,0,0,0,0,0,0,10733908
12,6,18,7,61,7,0,0,0,0,0,0,0,0,0,0,0,0,0,0,0,0,0,0,10750211
20,2,0,0,0,0,0,0,0,0,0,0,0,0,0,0,0,0,0,0,0,0,0,0,10846467
6,7,12,7,18,7,35,1,0,0,0,0,0,0,0,0,0,0,0,0,0,0,0,0,10872755
45,7,0,0,0,0,0,0,0,0,0,0,0,0,0,0,0,0,0,0,0,0,0,0,10879917
54,7,0,0,0,0,0,0,0,0,0,0,0,0,0,0,0,0,0,0,0,0,0,0,10906269
22,7,38,7,41,7,46,7,54,7,58,7,63,7,0,0,0,0,0,0,0,0,0,0,10947395
13,1,46,7,0,0,0,0,0,0,0,0,0,0,0,0,0,0,0,0,0,0,0,0,10978459
46,7,59,7,62,7,0,0,0,0,0,0,0,0,0,0,0,0,0,0,0,0,0,0,11007406
3,7,21,7,27,7,45,7,51,7,62,7,0,0,0,0,0,0,0,0,0,0,0,0,11021762
22,7,59,2,0,0,0,0,0,0,0,0,0,0,0,0,0,0,0,0,0,0,0,0,11068153
3,7,9,7,44,7,53,1,58,7,63,7,0,0,0,0,0,0,0,0,0,0,0,0,11099279
12,7,18,7,20,7,44,7,0,0,0,0,0,0,0,0,0,0,0,0,0,0,0,0,11101866
2,7,12,7,20,7,21,7,45,7,46,7,0,0,0,0,0,0,0,0,0,0,0,0,11119304
6,6,57,7,60,7,0,0,0,0,0,0,0,0,0,0,0,0,0,0,0,0,0,0,11189791
9,1,18,7,0,0,0,0,0,0,0,0,0,0,0,0,0,0,0,0,0,0,0,0,11193151
8,7,17,1,52,7,61,7,0,0,0,0,0,0,0,0,0,0,0,0,0,0,0,0,11198463
4,7,7,7,15,7,0,0,0,0,0,0,0,0,0,0,0,0,0,0,0,0,0,0,11214155
2,7,12,7,13,7,18,7,20,7,21,7,27,7,45,7,48,1,51,7,62,7,0,0,11217255
20,7,27,7,30,1,44,7,0,0,0,0,0,0,0,0,0,0,0,0,0,0,0,0,11274160
3,7,4,1,18,7,51,7,54,7,59,7,0,0,0,0,0,0,0,0,0,0,0,0,11276546
3,2,22,7,46,7,59,7,0,0,0,0,0,0,0,0,0,0,0,0,0,0,0,0,11308086
12,7,18,7,0,0,0,0,0,0,0,0,0,0,0,0,0,0,0,0,0,0,0,0,11329264
1,1,19,7,27,7,51,7,64,7,0,0,0,0,0,0,0,0,0,0,0,0,0,0,11346323
21,2,22,7,23,7,54,7,57,1,0,0,0,0,0,0,0,0,0,0,0,0,0,0,11349556
8,7,52,7,61,7,0,0,0,0,0,0,0,0,0,0,0,0,0,0,0,0,0,0,11405865
6,1,12,7,20,7,23,7,25,2,0,0,0,0,0,0,0,0,0,0,0,0,0,0,11474818
17,1,0,0,0,0,0,0,0,0,0,0,0,0,0,0,0,0,0,0,0,0,0,0,11479209
21,7,45,7,51,7,62,7,0,0,0,0,0,0,0,0,0,0,0,0,0,0,0,0,11480511
20,7,46,7,59,7,0,0,0,0,0,0,0,0,0,0,0,0,0,0,0,0,0,0,11553396
21,7,22,2,22,2,54,7,0,0,0,0,0,0,0,0,0,0,0,0,0,0,0,0,11561342
7,7,9,7,12,6,0,0,0,0,0,0,0,0,0,0,0,0,0,0,0,0,0,0,11596226
13,7,20,7,41,1,0,0,0,0,0,0,0,0,0,0,0,0,0,0,0,0,0,0,11642768
27,1,61,7,0,0,0,0,0,0,0,0,0,0,0,0,0,0,0,0,0,0,0,0,11646720
20,7,33,1,53,2,0,0,0,0,0,0,0,0,0,0,0,0,0,0,0,0,0,0,11676040
9,7,20,7,0,0,0,0,0,0,0,0,0,0,0,0,0,0,0,0,0,0,0,0,11679702
3,7,4,1,46,7,54,7,0,0,0,0,0,0,0,0,0,0,0,0,0,0,0,0,11697954
21,1,51,7,0,0,0,0,0,0,0,0,0,0,0,0,0,0,0,0,0,0,0,0,11737184
1,7,9,7,12,7,18,7,27,7,63,7,0,0,0,0,0,0,0,0,0,0,0,0,11738109
4,1,9,7,0,0,0,0,0,0,0,0,0,0,0,0,0,0,0,0,0,0,0,0,11751948
9,7,20,7,27,7,28,7,0,0,0,0,0,0,0,0,0,0,0,0,0,0,0,0,11756765
12,7,17,1,0,0,0,0,0,0,0,0,0,0,0,0,0,0,0,0,0,0,0,0,11775634
46,7,54,7,59,7,0,0,0,0,0,0,0,0,0,0,0,0,0,0,0,0,0,0,11807465
2,7,12,7,44,7,54,7,58,7,0,0,0,0,0,0,0,0,0,0,0,0,0,0,11843012
12,7,25,7,44,7,54,7,63,1,0,0,0,0,0,0,0,0,0,0,0,0,0,0,11853304
6,1,20,7,44,7,0,0,0,0,0,0,0,0,0,0,0,0,0,0,0,0,0,0,11993517
12,7,0,0,0,0,0,0,0,0,0,0,0,0,0,0,0,0,0,0,0,0,0,0,12016159
12,7,27,1,0,0,0,0,0,0,0,0,0,0,0,0,0,0,0,0,0,0,0,0,12110278
21,7,27,1,0,0,0,0,0,0,0,0,0,0,0,0,0,0,0,0,0,0,0,0,12129820
12,7,54,7,64,7,0,0,0,0,0,0,0,0,0,0,0,0,0,0,0,0,0,0,12136164
4,1,12,7,20,7,46,7,54,7,61,7,0,0,0,0,0,0,0,0,0,0,0,0,12167403
3,7,45,7,46,7,54,7,62,7,0,0,0,0,0,0,0,0,0,0,0,0,0,0,12170474
59,7,63,7,0,0,0,0,0,0,0,0,0,0,0,0,0,0,0,0,0,0,0,0,12188947
45,7,46,7,64,7,0,0,0,0,0,0,0,0,0,0,0,0,0,0,0,0,0,0,12259871
3,7,40,7,59,7,0,0,0,0,0,0,0,0,0,0,0,0,0,0,0,0,0,0,12262549
20,1,44,7,54,7,0,0,0,0,0,0,0,0,0,0,0,0,0,0,0,0,0,0,12277730
20,7,44,7,58,7,0,0,0,0,0,0,0,0,0,0,0,0,0,0,0,0,0,0,12291869
33,1,49,7,54,7,55,7,0,0,0,0,0,0,0,0,0,0,0,0,0,0,0,0,12300736
16,7,33,7,53,7,0,0,0,0,0,0,0,0,0,0,0,0,0,0,0,0,0,0,12306216
1,1,20,7,27,7,46,7,0,0,0,0,0,0,0,0,0,0,0,0,0,0,0,0,12307736
3,7,9,7,12,7,0,0,0,0,0,0,0,0,0,0,0,0,0,0,0,0,0,0,12307980
12,7,45,7,46,7,51,7,0,0,0,0,0,0,0,0,0,0,0,0,0,0,0,0,12340519
21,2,0,0,0,0,0,0,0,0,0,0,0,0,0,0,0,0,0,0,0,0,0,0,12349733
12,7,45,7,54,7,0,0,0,0,0,0,0,0,0,0,0,0,0,0,0,0,0,0,12390248
2,1,0,0,0,0,0,0,0,0,0,0,0,0,0,0,0,0,0,0,0,0,0,0,12410090
7,7,12,7,0,0,0,0,0,0,0,0,0,0,0,0,0,0,0,0,0,0,0,0,12422950
15,1,0,0,0,0,0,0,0,0,0,0,0,0,0,0,0,0,0,0,0,0,0,0,12438645
3,7,44,7,54,7,0,0,0,0,0,0,0,0,0,0,0,0,0,0,0,0,0,0,12475172
13,1,22,7,44,7,0,0,0,0,0,0,0,0,0,0,0,0,0,0,0,0,0,0,12476686
27,7,51,7,54,7,62,7,64,7,0,0,0,0,0,0,0,0,0,0,0,0,0,0,12478839
18,7,58,7,63,7,64,7,0,0,0,0,0,0,0,0,0,0,0,0,0,0,0,0,12499662
44,7,58,2,0,0,0,0,0,0,0,0,0,0,0,0,0,0,0,0,0,0,0,0,12515466
12,7,0,0,0,0,0,0,0,0,0,0,0,0,0,0,0,0,0,0,0,0,0,0,12546182
21,7,54,7,0,0,0,0,0,0,0,0,0,0,0,0,0,0,0,0,0,0,0,0,12552144
6,7,20,7,0,0,0,0,0,0,0,0,0,0,0,0,0,0,0,0,0,0,0,0,12557780
54,7,55,7,0,0,0,0,0,0,0,0,0,0,0,0,0,0,0,0,0,0,0,0,12604460
20,1,25,2,0,0,0,0,0,0,0,0,0,0,0,0,0,0,0,0,0,0,0,0,12665074
11,1,0,0,0,0,0,0,0,0,0,0,0,0,0,0,0,0,0,0,0,0,0,0,12691519
12,7,0,0,0,0,0,0,0,0,0,0,0,0,0,0,0,0,0,0,0,0,0,0,12731416
3,1,12,7,18,7,20,7,0,0,0,0,0,0,0,0,0,0,0,0,0,0,0,0,12743085
12,7,50,1,0,0,0,0,0,0,0,0,0,0,0,0,0,0,0,0,0,0,0,0,12752335
3,7,4,7,16,7,40,2,0,0,0,0,0,0,0,0,0,0,0,0,0,0,0,0,12782157
20,2,0,0,0,0,0,0,0,0,0,0,0,0,0,0,0,0,0,0,0,0,0,0,12802531
35,1,60,7,0,0,0,0,0,0,0,0,0,0,0,0,0,0,0,0,0,0,0,0,12818499
4,7,20,7,59,7,0,0,0,0,0,0,0,0,0,0,0,0,0,0,0,0,0,0,12839720
20,1,46,7,54,7,62,7,0,0,0,0,0,0,0,0,0,0,0,0,0,0,0,0,12865194
6,1,46,7,51,7,0,0,0,0,0,0,0,0,0,0,0,0,0,0,0,0,0,0,12882864
4,1,12,7,27,7,37,7,52,7,63,7,0,0,0,0,0,0,0,0,0,0,0,0,12920957
1,7,2,7,5,1,20,7,0,0,0,0,0,0,0,0,0,0,0,0,0,0,0,0,12927460
23,7,56,7,0,0,0,0,0,0,0,0,0,0,0,0,0,0,0,0,0,0,0,0,12932652
44,7,50,1,58,2,0,0,0,0,0,0,0,0,0,0,0,0,0,0,0,0,0,0,12971330
54,7,63,7,0,0,0,0,0,0,0,0,0,0,0,0,0,0,0,0,0,0,0,0,12974606
3,7,4,7,9,7,12,7,18,7,20,7,27,7,54,7,58,7,0,0,0,0,0,0,13014247
5,1,0,0,0,0,0,0,0,0,0,0,0,0,0,0,0,0,0,0,0,0,0,0,13020571
3,7,46,7,59,7,63,7,0,0,0,0,0,0,0,0,0,0,0,0,0,0,0,0,13030421
3,7,9,7,12,7,46,7,51,7,54,7,58,7,0,0,0,0,0,0,0,0,0,0,13040714
21,7,22,7,45,7,62,7,0,0,0,0,0,0,0,0,0,0,0,0,0,0,0,0,13047507
22,7,54,7,0,0,0,0,0,0,0,0,0,0,0,0,0,0,0,0,0,0,0,0,13087787
27,1,45,7,46,7,0,0,0,0,0,0,0,0,0,0,0,0,0,0,0,0,0,0,13104952
21,7,45,7,54,7,0,0,0,0,0,0,0,0,0,0,0,0,0,0,0,0,0,0,13105730
2,7,13,7,0,0,0,0,0,0,0,0,0,0,0,0,0,0,0,0,0,0,0,0,13197975
3,7,4,1,9,2,18,7,0,0,0,0,0,0,0,0,0,0,0,0,0,0,0,0,13204406
4,7,44,7,49,7,60,7,0,0,0,0,0,0,0,0,0,0,0,0,0,0,0,0,13232723
4,7,7,7,0,0,0,0,0,0,0,0,0,0,0,0,0,0,0,0,0,0,0,0,13235481
4,7,43,1,44,7,53,7,0,0,0,0,0,0,0,0,0,0,0,0,0,0,0,0,13369548
12,7,37,2,0,0,0,0,0,0,0,0,0,0,0,0,0,0,0,0,0,0,0,0,13377667
46,7,54,7,62,7,0,0,0,0,0,0,0,0,0,0,0,0,0,0,0,0,0,0,13438152
3,7,12,7,23,7,63,7,0,0,0,0,0,0,0,0,0,0,0,0,0,0,0,0,13467141
20,7,28,7,0,0,0,0,0,0,0,0,0,0,0,0,0,0,0,0,0,0,0,0,13527369
21,7,59,7,62,7,0,0,0,0,0,0,0,0,0,0,0,0,0,0,0,0,0,0,13565893
21,7,46,7,51,2,54,7,0,0,0,0,0,0,0,0,0,0,0,0,0,0,0,0,13570580
54,7,0,0,0,0,0,0,0,0,0,0,0,0,0,0,0,0,0,0,0,0,0,0,13637862
12,7,51,7,54,2,0,0,0,0,0,0,0,0,0,0,0,0,0,0,0,0,0,0,13638717
32,7,38,7,41,7,44,7,58,7,0,0,0,0,0,0,0,0,0,0,0,0,0,0,13664291
3,7,4,1,9,7,18,7,61,7,0,0,0,0,0,0,0,0,0,0,0,0,0,0,13675895
27,6,0,0,0,0,0,0,0,0,0,0,0,0,0,0,0,0,0,0,0,0,0,0,13683997
8,1,0,0,0,0,0,0,0,0,0,0,0,0,0,0,0,0,0,0,0,0,0,0,13694275
12,1,18,7,46,7,59,7,0,0,0,0,0,0,0,0,0,0,0,0,0,0,0,0,13721276
12,7,20,7,27,7,0,0,0,0,0,0,0,0,0,0,0,0,0,0,0,0,0,0,13742555
20,7,22,7,59,2,0,0,0,0,0,0,0,0,0,0,0,0,0,0,0,0,0,0,13744695
3,1,45,7,0,0,0,0,0,0,0,0,0,0,0,0,0,0,0,0,0,0,0,0,13756338
18,2,20,7,0,0,0,0,0,0,0,0,0,0,0,0,0,0,0,0,0,0,0,0,13771938
3,7,49,7,59,7,0,0,0,0,0,0,0,0,0,0,0,0,0,0,0,0,0,0,13776107
9,7,12,7,20,7,27,7,0,0,0,0,0,0,0,0,0,0,0,0,0,0,0,0,13784688
20,1,39,7,0,0,0,0,0,0,0,0,0,0,0,0,0,0,0,0,0,0,0,0,13790599
3,7,9,1,0,0,0,0,0,0,0,0,0,0,0,0,0,0,0,0,0,0,0,0,13828778
9,7,12,7,18,7,20,7,44,7,0,0,0,0,0,0,0,0,0,0,0,0,0,0,13835762
9,7,11,7,12,7,17,1,0,0,0,0,0,0,0,0,0,0,0,0,0,0,0,0,13871930
3,7,12,7,18,7,20,7,44,7,0,0,0,0,0,0,0,0,0,0,0,0,0,0,13877620
12,7,18,7,46,7,54,7,0,0,0,0,0,0,0,0,0,0,0,0,0,0,0,0,13944110
3,7,4,7,46,7,54,7,59,7,0,0,0,0,0,0,0,0,0,0,0,0,0,0,13949013
54,2,59,7,0,0,0,0,0,0,0,0,0,0,0,0,0,0,0,0,0,0,0,0,13969302
9,7,18,1,0,0,0,0,0,0,0,0,0,0,0,0,0,0,0,0,0,0,0,0,13977885
57,1,61,7,0,0,0,0,0,0,0,0,0,0,0,0,0,0,0,0,0,0,0,0,13979422
46,7,61,7,63,1,0,0,0,0,0,0,0,0,0,0,0,0,0,0,0,0,0,0,14037027
12,7,56,7,58,7,0,0,0,0,0,0,0,0,0,0,0,0,0,0,0,0,0,0,14074572
22,7,22,7,0,0,0,0,0,0,0,0,0,0,0,0,0,0,0,0,0,0,0,0,14076829
21,7,45,7,54,7,0,0,0,0,0,0,0,0,0,0,0,0,0,0,0,0,0,0,14170099
20,7,22,7,22,7,46,7,54,7,61,7,0,0,0,0,0,0,0,0,0,0,0,0,14170428
22,7,0,0,0,0,0,0,0,0,0,0,0,0,0,0,0,0,0,0,0,0,0,0,14195927
18,7,54,7,61,7,63,7,0,0,0,0,0,0,0,0,0,0,0,0,0,0,0,0,14208366
4,7,7,7,53,7,0,0,0,0,0,0,0,0,0,0,0,0,0,0,0,0,0,0,14208612
2,7,12,7,13,7,20,7,41,7,0,0,0,0,0,0,0,0,0,0,0,0,0,0,14248594
45,7,51,7,62,7,0,0,0,0,0,0,0,0,0,0,0,0,0,0,0,0,0,0,14308268
12,7,45,7,46,7,0,0,0,0,0,0,0,0,0,0,0,0,0,0,0,0,0,0,14313406
12,7,18,2,0,0,0,0,0,0,0,0,0,0,0,0,0,0,0,0,0,0,0,0,14396904
13,7,56,2,0,0,0,0,0,0,0,0,0,0,0,0,0,0,0,0,0,0,0,0,14417299
3,7,9,7,44,7,58,7,63,7,0,0,0,0,0,0,0,0,0,0,0,0,0,0,14422698
45,7,51,7,54,2,0,0,0,0,0,0,0,0,0,0,0,0,0,0,0,0,0,0,14437019
54,7,62,2,0,0,0,0,0,0,0,0,0,0,0,0,0,0,0,0,0,0,0,0,14456195
30,1,46,7,54,7,63,7,0,0,0,0,0,0,0,0,0,0,0,0,0,0,0,0,14538434
1,7,13,1,19,7,20,7,25,7,0,0,0,0,0,0,0,0,0,0,0,0,0,0,14550981
10,1,12,7,17,7,0,0,0,0,0,0,0,0,0,0,0,0,0,0,0,0,0,0,14605990
3,7,46,7,59,7,0,0,0,0,0,0,0,0,0,0,0,0,0,0,0,0,0,0,14663086
3,7,46,7,54,5,59,2,0,0,0,0,0,0,0,0,0,0,0,0,0,0,0,0,14683706
45,7,46,7,61,7,0,0,0,0,0,0,0,0,0,0,0,0,0,0,0,0,0,0,14688050
3,2,0,0,0,0,0,0,0,0,0,0,0,0,0,0,0,0,0,0,0,0,0,0,14689227
40,7,0,0,0,0,0,0,0,0,0,0,0,0,0,0,0,0,0,0,0,0,0,0,14712705
12,7,20,7,52,1,61,7,0,0,0,0,0,0,0,0,0,0,0,0,0,0,0,0,14717343
61,7,0,0,0,0,0,0,0,0,0,0,0,0,0,0,0,0,0,0,0,0,0,0,14721478
41,7,0,0,0,0,0,0,0,0,0,0,0,0,0,0,0,0,0,0,0,0,0,0,14773716
44,7,58,7,60,7,0,0,0,0,0,0,0,0,0,0,0,0,0,0,0,0,0,0,14809186
25,7,32,1,0,0,0,0,0,0,0,0,0,0,0,0,0,0,0,0,0,0,0,0,14830244
13,7,20,7,23,7,25,7,0,0,0,0,0,0,0,0,0,0,0,0,0,0,0,0,14853463
21,7,27,7,51,7,54,7,58,7,62,7,63,7,64,7,0,0,0,0,0,0,0,0,14873092
20,7,27,7,45,7,62,7,0,0,0,0,0,0,0,0,0,0,0,0,0,0,0,0,14968044
50,1,0,0,0,0,0,0,0,0,0,0,0,0,0,0,0,0,0,0,0,0,0,0,14998100
3,7,12,7,18,7,20,7,44,7,0,0,0,0,0,0,0,0,0,0,0,0,0,0,15047424
27,7,0,0,0,0,0,0,0,0,0,0,0,0,0,0,0,0,0,0,0,0,0,0,15050065
3,7,8,1,12,2,52,7,0,0,0,0,0,0,0,0,0,0,0,0,0,0,0,0,15068082
9,7,12,7,0,0,0,0,0,0,0,0,0,0,0,0,0,0,0,0,0,0,0,0,15133604
12,7,61,7,0,0,0,0,0,0,0,0,0,0,0,0,0,0,0,0,0,0,0,0,15154814
22,7,45,7,46,7,54,7,59,7,0,0,0,0,0,0,0,0,0,0,0,0,0,0,15259180
45,2,51,1,0,0,0,0,0,0,0,0,0,0,0,0,0,0,0,0,0,0,0,0,15320849
21,7,44,7,51,7,54,7,62,7,64,7,0,0,0,0,0,0,0,0,0,0,0,0,15345072
3,7,4,1,12,7,18,7,0,0,0,0,0,0,0,0,0,0,0,0,0,0,0,0,15348312
45,7,54,7,0,0,0,0,0,0,0,0,0,0,0,0,0,0,0,0,0,0,0,0,15349061
20,1,61,7,0,0,0,0,0,0,0,0,0,0,0,0,0,0,0,0,0,0,0,0,15377606
13,7,20,7,23,7,41,1,0,0,0,0,0,0,0,0,0,0,0,0,0,0,0,0,15390372
21,7,45,7,46,7,51,7,54,7,62,7,0,0,0,0,0,0,0,0,0,0,0,0,15413149
1,7,10,1,12,7,19,7,20,7,0,0,0,0,0,0,0,0,0,0,0,0,0,0,15424899
27,7,45,7,46,7,51,7,54,7,59,7,62,7,0,0,0,0,0,0,0,0,0,0,15425335
12,7,61,7,0,0,0,0,0,0,0,0,0,0,0,0,0,0,0,0,0,0,0,0,15449283
61,7,0,0,0,0,0,0,0,0,0,0,0,0,0,0,0,0,0,0,0,0,0,0,15493961
38,7,54,7,0,0,0,0,0,0,0,0,0,0,0,0,0,0,0,0,0,0,0,0,15509536
23,7,41,7,0,0,0,0,0,0,0,0,0,0,0,0,0,0,0,0,0,0,0,0,15566101
51,7,54,2,0,0,0,0,0,0,0,0,0,0,0,0,0,0,0,0,0,0,0,0,15682335
10,1,12,7,61,7,0,0,0,0,0,0,0,0,0,0,0,0,0,0,0,0,0,0,15689787
21,7,0,0,0,0,0,0,0,0,0,0,0,0,0,0,0,0,0,0,0,0,0,0,15697637
21,2,0,0,0,0,0,0,0,0,0,0,0,0,0,0,0,0,0,0,0,0,0,0,15708486
45,7,54,7,61,7,63,7,0,0,0,0,0,0,0,0,0,0,0,0,0,0,0,0,15713376
9,7,18,7,59,7,0,0,0,0,0,0,0,0,0,0,0,0,0,0,0,0,0,0,15714485
20,7,28,7,44,7,0,0,0,0,0,0,0,0,0,0,0,0,0,0,0,0,0,0,15745378
13,2,20,7,0,0,0,0,0,0,0,0,0,0,0,0,0,0,0,0,0,0,0,0,15800015
46,7,59,2,0,0,0,0,0,0,0,0,0,0,0,0,0,0,0,0,0,0,0,0,15817797
48,1,0,0,0,0,0,0,0,0,0,0,0,0,0,0,0,0,0,0,0,0,0,0,15840945
28,7,45,2,0,0,0,0,0,0,0,0,0,0,0,0,0,0,0,0,0,0,0,0,15882138
3,7,12,7,46,1,54,7,0,0,0,0,0,0,0,0,0,0,0,0,0,0,0,0,15887942
21,7,22,7,45,7,64,7,0,0,0,0,0,0,0,0,0,0,0,0,0,0,0,0,15923817
4,1,12,7,0,0,0,0,0,0,0,0,0,0,0,0,0,0,0,0,0,0,0,0,15941720
23,7,56,7,0,0,0,0,0,0,0,0,0,0,0,0,0,0,0,0,0,0,0,0,15942059
19,7,22,7,22,7,25,7,0,0,0,0,0,0,0,0,0,0,0,0,0,0,0,0,15985596
3,7,18,7,20,7,0,0,0,0,0,0,0,0,0,0,0,0,0,0,0,0,0,0,15999684
1,7,12,7,37,2,0,0,0,0,0,0,0,0,0,0,0,0,0,0,0,0,0,0,16037818
20,7,23,7,28,7,58,2,0,0,0,0,0,0,0,0,0,0,0,0,0,0,0,0,16108987
20,7,21,7,28,7,34,1,44,7,46,7,61,7,62,7,0,0,0,0,0,0,0,0,16145492
45,7,51,7,63,7,0,0,0,0,0,0,0,0,0,0,0,0,0,0,0,0,0,0,16146925
15,7,16,7,40,7,53,7,0,0,0,0,0,0,0,0,0,0,0,0,0,0,0,0,16148465
12,7,18,7,20,7,0,0,0,0,0,0,0,0,0,0,0,0,0,0,0,0,0,0,16214400
12,7,18,7,64,7,0,0,0,0,0,0,0,0,0,0,0,0,0,0,0,0,0,0,16288056
21,7,45,7,51,7,54,2,62,7,0,0,0,0,0,0,0,0,0,0,0,0,0,0,16288346
2,7,5,1,20,7,0,0,0,0,0,0,0,0,0,0,0,0,0,0,0,0,0,0,16346127
21,7,45,7,62,7,0,0,0,0,0,0,0,0,0,0,0,0,0,0,0,0,0,0,16370952
21,2,54,7,0,0,0,0,0,0,0,0,0,0,0,0,0,0,0,0,0,0,0,0,16446704
20,7,25,7,38,7,0,0,0,0,0,0,0,0,0,0,0,0,0,0,0,0,0,0,16530049
3,7,9,7,0,0,0,0,0,0,0,0,0,0,0,0,0,0,0,0,0,0,0,0,16534970
45,7,46,7,51,7,54,7,0,0,0,0,0,0,0,0,0,0,0,0,0,0,0,0,16553006
54,7,59,7,0,0,0,0,0,0,0,0,0,0,0,0,0,0,0,0,0,0,0,0,16595309
18,1,21,7,46,7,54,7,62,7,0,0,0,0,0,0,0,0,0,0,0,0,0,0,16610096
3,2,0,0,0,0,0,0,0,0,0,0,0,0,0,0,0,0,0,0,0,0,0,0,16674573
12,1,22,7,45,7,0,0,0,0,0,0,0,0,0,0,0,0,0,0,0,0,0,0,16682760
20,7,23,2,57,7,0,0,0,0,0,0,0,0,0,0,0,0,0,0,0,0,0,0,16694836
21,7,22,7,54,7,0,0,0,0,0,0,0,0,0,0,0,0,0,0,0,0,0,0,16750260
12,7,21,7,22,7,54,7,0,0,0,0,0,0,0,0,0,0,0,0,0,0,0,0,16755348
61,5,0,0,0,0,0,0,0,0,0,0,0,0,0,0,0,0,0,0,0,0,0,0,16782199
45,7,62,7,0,0,0,0,0,0,0,0,0,0,0,0,0,0,0,0,0,0,0,0,16807699
46,7,51,7,54,7,62,7,0,0,0,0,0,0,0,0,0,0,0,0,0,0,0,0,16836439
4,1,12,7,22,7,22,7,44,7,0,0,0,0,0,0,0,0,0,0,0,0,0,0,16839457
35,7,46,7,58,7,59,7,61,7,0,0,0,0,0,0,0,0,0,0,0,0,0,0,16842844
20,7,22,7,35,7,52,7,61,7,0,0,0,0,0,0,0,0,0,0,0,0,0,0,16905913
20,7,44,7,58,7,0,0,0,0,0,0,0,0,0,0,0,0,0,0,0,0,0,0,16968632
52,1,0,0,0,0,0,0,0,0,0,0,0,0,0,0,0,0,0,0,0,0,0,0,17041212
46,7,59,7,0,0,0,0,0,0,0,0,0,0,0,0,0,0,0,0,0,0,0,0,17113190
45,7,51,7,0,0,0,0,0,0,0,0,0,0,0,0,0,0,0,0,0,0,0,0,17122303
3,7,30,7,64,7,0,0,0,0,0,0,0,0,0,0,0,0,0,0,0,0,0,0,17146876
3,7,18,7,27,7,54,7,0,0,0,0,0,0,0,0,0,0,0,0,0,0,0,0,17155938
1,7,3,7,18,7,44,7,0,0,0,0,0,0,0,0,0,0,0,0,0,0,0,0,17176187
45,7,61,7,0,0,0,0,0,0,0,0,0,0,0,0,0,0,0,0,0,0,0,0,17192809
13,7,24,1,61,2,0,0,0,0,0,0,0,0,0,0,0,0,0,0,0,0,0,0,17196532
54,7,55,2,0,0,0,0,0,0,0,0,0,0,0,0,0,0,0,0,0,0,0,0,17226491
20,7,22,2,46,7,0,0,0,0,0,0,0,0,0,0,0,0,0,0,0,0,0,0,17242103
61,7,0,0,0,0,0,0,0,0,0,0,0,0,0,0,0,0,0,0,0,0,0,0,17248958
45,7,62,7,0,0,0,0,0,0,0,0,0,0,0,0,0,0,0,0,0,0,0,0,17310228
12,7,44,7,53,1,0,0,0,0,0,0,0,0,0,0,0,0,0,0,0,0,0,0,17314594
20,7,61,2,0,0,0,0,0,0,0,0,0,0,0,0,0,0,0,0,0,0,0,0,17316141
8,7,9,7,12,7,18,7,50,7,55,2,0,0,0,0,0,0,0,0,0,0,0,0,17347676
33,7,40,7,0,0,0,0,0,0,0,0,0,0,0,0,0,0,0,0,0,0,0,0,17349563
20,7,27,7,45,7,62,7,0,0,0,0,0,0,0,0,0,0,0,0,0,0,0,0,17419924
4,7,15,7,16,7,0,0,0,0,0,0,0,0,0,0,0,0,0,0,0,0,0,0,17420244
19,1,46,7,0,0,0,0,0,0,0,0,0,0,0,0,0,0,0,0,0,0,0,0,17430409
20,7,35,7,58,7,0,0,0,0,0,0,0,0,0,0,0,0,0,0,0,0,0,0,17474041
4,7,20,7,59,7,0,0,0,0,0,0,0,0,0,0,0,0,0,0,0,0,0,0,17537848
12,7,53,1,0,0,0,0,0,0,0,0,0,0,0,0,0,0,0,0,0,0,0,0,17565851
12,7,44,7,0,0,0,0,0,0,0,0,0,0,0,0,0,0,0,0,0,0,0,0,17623866
13,2,23,7,56,7,0,0,0,0,0,0,0,0,0,0,0,0,0,0,0,0,0,0,17625593
3,7,22,7,27,7,61,7,0,0,0,0,0,0,0,0,0,0,0,0,0,0,0,0,17672765
50,1,0,0,0,0,0,0,0,0,0,0,0,0,0,0,0,0,0,0,0,0,0,0,17738629
4,1,9,7,12,7,20,7,61,7,0,0,0,0,0,0,0,0,0,0,0,0,0,0,17740062
1,7,2,7,12,7,20,7,21,7,28,7,45,7,50,7,51,7,0,0,0,0,0,0,17770051
10,1,12,7,20,7,0,0,0,0,0,0,0,0,0,0,0,0,0,0,0,0,0,0,17799851
21,7,51,7,54,7,0,0,0,0,0,0,0,0,0,0,0,0,0,0,0,0,0,0,17859553
8,7,10,7,52,1,0,0,0,0,0,0,0,0,0,0,0,0,0,0,0,0,0,0,17865457
46,7,59,2,0,0,0,0,0,0,0,0,0,0,0,0,0,0,0,0,0,0,0,0,17897078
3,7,18,7,54,7,0,0,0,0,0,0,0,0,0,0,0,0,0,0,0,0,0,0,17926182
54,7,62,7,64,7,0,0,0,0,0,0,0,0,0,0,0,0,0,0,0,0,0,0,17998113
59,7,63,1,0,0,0,0,0,0,0,0,0,0,0,0,0,0,0,0,0,0,0,0,18024534
46,7,54,2,58,7,0,0,0,0,0,0,0,0,0,0,0,0,0,0,0,0,0,0,18039375
21,7,45,7,62,7,0,0,0,0,0,0,0,0,0,0,0,0,0,0,0,0,0,0,18055160
12,6,18,7,0,0,0,0,0,0,0,0,0,0,0,0,0,0,0,0,0,0,0,0,18103219
21,7,45,7,46,7,51,7,62,7,0,0,0,0,0,0,0,0,0,0,0,0,0,0,18110215
3,7,13,1,21,5,46,7,55,7,0,0,0,0,0,0,0,0,0,0,0,0,0,0,18172295
2,7,4,1,0,0,0,0,0,0,0,0,0,0,0,0,0,0,0,0,0,0,0,0,18223296
22,7,22,7,59,2,0,0,0,0,0,0,0,0,0,0,0,0,0,0,0,0,0,0,18223751
4,1,54,7,0,0,0,0,0,0,0,0,0,0,0,0,0,0,0,0,0,0,0,0,18233438
3,7,51,7,54,7,0,0,0,0,0,0,0,0,0,0,0,0,0,0,0,0,0,0,18238688
45,7,61,7,0,0,0,0,0,0,0,0,0,0,0,0,0,0,0,0,0,0,0,0,18260079
10,2,12,7,52,7,0,0,0,0,0,0,0,0,0,0,0,0,0,0,0,0,0,0,18274840
1,1,20,7,0,0,0,0,0,0,0,0,0,0,0,0,0,0,0,0,0,0,0,0,18317708
3,7,9,7,0,0,0,0,0,0,0,0,0,0,0,0,0,0,0,0,0,0,0,0,18330901
20,1,0,0,0,0,0,0,0,0,0,0,0,0,0,0,0,0,0,0,0,0,0,0,18347290
20,7,21,7,0,0,0,0,0,0,0,0,0,0,0,0,0,0,0,0,0,0,0,0,18347713
21,2,51,7,54,7,0,0,0,0,0,0,0,0,0,0,0,0,0,0,0,0,0,0,18351295
36,1,0,0,0,0,0,0,0,0,0,0,0,0,0,0,0,0,0,0,0,0,0,0,18380813
4,7,0,0,0,0,0,0,0,0,0,0,0,0,0,0,0,0,0,0,0,0,0,0,18390031
3,7,12,7,52,7,54,7,57,5,58,7,61,7,0,0,0,0,0,0,0,0,0,0,18392011
18,7,22,7,44,7,54,7,61,7,0,0,0,0,0,0,0,0,0,0,0,0,0,0,18430923
2,7,11,7,12,7,13,7,19,7,20,7,44,7,0,0,0,0,0,0,0,0,0,0,18442621
44,7,46,7,54,7,61,7,0,0,0,0,0,0,0,0,0,0,0,0,0,0,0,0,18476018
19,7,20,7,25,7,0,0,0,0,0,0,0,0,0,0,0,0,0,0,0,0,0,0,18501294
18,1,21,7,22,7,46,6,0,0,0,0,0,0,0,0,0,0,0,0,0,0,0,0,18507756
3,7,9,2,0,0,0,0,0,0,0,0,0,0,0,0,0,0,0,0,0,0,0,0,18543512
4,7,18,7,0,0,0,0,0,0,0,0,0,0,0,0,0,0,0,0,0,0,0,0,18592526
22,7,54,7,61,7,0,0,0,0,0,0,0,0,0,0,0,0,0,0,0,0,0,0,18718682
21,2,27,7,45,7,0,0,0,0,0,0,0,0,0,0,0,0,0,0,0,0,0,0,18764657
45,7,0,0,0,0,0,0,0,0,0,0,0,0,0,0,0,0,0,0,0,0,0,0,18812326
44,7,0,0,0,0,0,0,0,0,0,0,0,0,0,0,0,0,0,0,0,0,0,0,18831288
3,7,4,1,12,7,58,7,0,0,0,0,0,0,0,0,0,0,0,0,0,0,0,0,18869086
12,7,52,7,0,0,0,0,0,0,0,0,0,0,0,0,0,0,0,0,0,0,0,0,18892445
30,1,0,0,0,0,0,0,0,0,0,0,0,0,0,0,0,0,0,0,0,0,0,0,18892535
10,7,17,7,0,0,0,0,0,0,0,0,0,0,0,0,0,0,0,0,0,0,0,0,18909685
46,7,52,1,54,7,61,7,0,0,0,0,0,0,0,0,0,0,0,0,0,0,0,0,18954408
38,2,0,0,0,0,0,0,0,0,0,0,0,0,0,0,0,0,0,0,0,0,0,0,19046689
44,7,54,7,0,0,0,0,0,0,0,0,0,0,0,0,0,0,0,0,0,0,0,0,19054048
22,7,22,7,23,7,0,0,0,0,0,0,0,0,0,0,0,0,0,0,0,0,0,0,19072258
2,7,3,7,12,7,21,7,37,7,54,7,58,7,64,7,0,0,0,0,0,0,0,0,19072520
3,1,9,7,20,7,46,7,0,0,0,0,0,0,0,0,0,0,0,0,0,0,0,0,19128060
18,7,64,2,0,0,0,0,0,0,0,0,0,0,0,0,0,0,0,0,0,0,0,0,19128806
2,7,20,7,22,7,28,7,0,0,0,0,0,0,0,0,0,0,0,0,0,0,0,0,19154117
21,7,62,7,64,7,0,0,0,0,0,0,0,0,0,0,0,0,0,0,0,0,0,0,19159491
9,7,12,7,0,0,0,0,0,0,0,0,0,0,0,0,0,0,0,0,0,0,0,0,19163381
20,7,22,7,0,0,0,0,0,0,0,0,0,0,0,0,0,0,0,0,0,0,0,0,19180104
3,7,44,7,59,7,0,0,0,0,0,0,0,0,0,0,0,0,0,0,0,0,0,0,19247726
46,7,59,7,0,0,0,0,0,0,0,0,0,0,0,0,0,0,0,0,0,0,0,0,19292165
20,1,52,7,0,0,0,0,0,0,0,0,0,0,0,0,0,0,0,0,0,0,0,0,19297443
3,7,5,7,9,7,12,7,44,7,51,7,54,7,0,0,0,0,0,0,0,0,0,0,19329659
8,7,9,7,10,7,12,7,18,7,52,7,61,7,0,0,0,0,0,0,0,0,0,0,19350765
51,7,63,1,0,0,0,0,0,0,0,0,0,0,0,0,0,0,0,0,0,0,0,0,19355437
12,1,18,7,46,7,54,2,0,0,0,0,0,0,0,0,0,0,0,0,0,0,0,0,19370163
21,7,45,7,46,2,51,7,54,2,0,0,0,0,0,0,0,0,0,0,0,0,0,0,19394286
3,7,4,7,9,7,16,1,0,0,0,0,0,0,0,0,0,0,0,0,0,0,0,0,19413159
3,7,7,7,9,7,11,7,12,7,37,7,59,7,0,0,0,0,0,0,0,0,0,0,19452600
19,7,61,7,0,0,0,0,0,0,0,0,0,0,0,0,0,0,0,0,0,0,0,0,19456517
27,1,54,7,0,0,0,0,0,0,0,0,0,0,0,0,0,0,0,0,0,0,0,0,19518747
22,7,61,7,0,0,0,0,0,0,0,0,0,0,0,0,0,0,0,0,0,0,0,0,19521502
4,7,33,6,0,0,0,0,0,0,0,0,0,0,0,0,0,0,0,0,0,0,0,0,19537618
9,1,59,7,0,0,0,0,0,0,0,0,0,0,0,0,0,0,0,0,0,0,0,0,19558053
61,7,0,0,0,0,0,0,0,0,0,0,0,0,0,0,0,0,0,0,0,0,0,0,19558961
20,7,44,7,58,7,0,0,0,0,0,0,0,0,0,0,0,0,0,0,0,0,0,0,19561274
10,1,12,7,27,7,44,7,0,0,0,0,0,0,0,0,0,0,0,0,0,0,0,0,19585838
33,7,40,2,0,0,0,0,0,0,0,0,0,0,0,0,0,0,0,0,0,0,0,0,19603467
12,7,44,7,58,7,0,0,0,0,0,0,0,0,0,0,0,0,0,0,0,0,0,0,19608440
22,7,46,7,59,2,0,0,0,0,0,0,0,0,0,0,0,0,0,0,0,0,0,0,19635562
3,2,0,0,0,0,0,0,0,0,0,0,0,0,0,0,0,0,0,0,0,0,0,0,19651450
12,7,28,1,51,7,52,7,61,7,0,0,0,0,0,0,0,0,0,0,0,0,0,0,19654741
9,7,51,7,54,7,0,0,0,0,0,0,0,0,0,0,0,0,0,0,0,0,0,0,19665880
3,7,12,7,0,0,0,0,0,0,0,0,0,0,0,0,0,0,0,0,0,0,0,0,19671654
2,7,12,2,0,0,0,0,0,0,0,0,0,0,0,0,0,0,0,0,0,0,0,0,19708884
20,7,53,7,0,0,0,0,0,0,0,0,0,0,0,0,0,0,0,0,0,0,0,0,19711381
21,7,45,7,51,7,54,7,62,7,0,0,0,0,0,0,0,0,0,0,0,0,0,0,19717455
6,7,23,7,32,7,36,7,0,0,0,0,0,0,0,0,0,0,0,0,0,0,0,0,19728465
46,7,54,7,55,2,0,0,0,0,0,0,0,0,0,0,0,0,0,0,0,0,0,0,19754301
3,7,18,7,63,7,0,0,0,0,0,0,0,0,0,0,0,0,0,0,0,0,0,0,19792724
3,7,12,7,45,7,51,7,54,7,55,7,0,0,0,0,0,0,0,0,0,0,0,0,19795314
3,7,12,7,18,7,0,0,0,0,0,0,0,0,0,0,0,0,0,0,0,0,0,0,19801813
12,7,44,2,61,7,0,0,0,0,0,0,0,0,0,0,0,0,0,0,0,0,0,0,19821790
12,7,18,7,0,0,0,0,0,0,0,0,0,0,0,0,0,0,0,0,0,0,0,0,19834908
61,7,0,0,0,0,0,0,0,0,0,0,0,0,0,0,0,0,0,0,0,0,0,0,19852391
12,7,20,7,57,1,0,0,0,0,0,0,0,0,0,0,0,0,0,0,0,0,0,0,19868538
4,1,59,2,0,0,0,0,0,0,0,0,0,0,0,0,0,0,0,0,0,0,0,0,19897119
5,1,37,7,47,7,61,7,64,7,0,0,0,0,0,0,0,0,0,0,0,0,0,0,19929049
3,7,13,7,54,7,0,0,0,0,0,0,0,0,0,0,0,0,0,0,0,0,0,0,19930747
23,2,57,1,0,0,0,0,0,0,0,0,0,0,0,0,0,0,0,0,0,0,0,0,19986041
12,7,20,7,22,7,27,7,46,7,54,7,0,0,0,0,0,0,0,0,0,0,0,0,20000797
7,7,59,7,0,0,0,0,0,0,0,0,0,0,0,0,0,0,0,0,0,0,0,0,20019843
12,7,46,7,49,7,0,0,0,0,0,0,0,0,0,0,0,0,0,0,0,0,0,0,20027940
18,1,0,0,0,0,0,0,0,0,0,0,0,0,0,0,0,0,0,0,0,0,0,0,20073464
46,7,51,7,59,7,62,7,0,0,0,0,0,0,0,0,0,0,0,0,0,0,0,0,20075306
45,6,51,7,54,7,62,1,0,0,0,0,0,0,0,0,0,0,0,0,0,0,0,0,20099106
49,7,54,7,0,0,0,0,0,0,0,0,0,0,0,0,0,0,0,0,0,0,0,0,20116668
20,7,36,1,0,0,0,0,0,0,0,0,0,0,0,0,0,0,0,0,0,0,0,0,20133934
4,7,15,7,58,7,0,0,0,0,0,0,0,0,0,0,0,0,0,0,0,0,0,0,20136170
12,7,52,7,0,0,0,0,0,0,0,0,0,0,0,0,0,0,0,0,0,0,0,0,20185786
4,7,9,7,12,7,18,7,27,7,54,7,58,7,0,0,0,0,0,0,0,0,0,0,20253008
12,7,21,7,45,7,61,2,0,0,0,0,0,0,0,0,0,0,0,0,0,0,0,0,20324064
12,7,20,7,27,2,0,0,0,0,0,0,0,0,0,0,0,0,0,0,0,0,0,0,20325210
51,7,54,7,64,7,0,0,0,0,0,0,0,0,0,0,0,0,0,0,0,0,0,0,20348100
20,2,45,7,51,7,64,7,0,0,0,0,0,0,0,0,0,0,0,0,0,0,0,0,20388988
3,1,9,7,12,7,27,7,0,0,0,0,0,0,0,0,0,0,0,0,0,0,0,0,20445264
45,1,46,7,51,7,54,7,0,0,0,0,0,0,0,0,0,0,0,0,0,0,0,0,20464016
12,7,20,7,27,7,61,7,0,0,0,0,0,0,0,0,0,0,0,0,0,0,0,0,20479964
12,7,13,7,45,7,46,7,64,7,0,0,0,0,0,0,0,0,0,0,0,0,0,0,20530420
1,7,2,7,19,7,20,7,0,0,0,0,0,0,0,0,0,0,0,0,0,0,0,0,20573070
45,2,62,1,0,0,0,0,0,0,0,0,0,0,0,0,0,0,0,0,0,0,0,0,20576056
1,7,5,7,19,7,20,7,25,7,58,7,63,7,64,7,0,0,0,0,0,0,0,0,20692560
19,1,21,7,54,7,62,7,64,7,0,0,0,0,0,0,0,0,0,0,0,0,0,0,20741415
22,1,22,6,44,7,54,7,0,0,0,0,0,0,0,0,0,0,0,0,0,0,0,0,20870615
2,7,19,7,25,7,35,7,0,0,0,0,0,0,0,0,0,0,0,0,0,0,0,0,20915339
3,7,23,7,27,7,58,7,0,0,0,0,0,0,0,0,0,0,0,0,0,0,0,0,20922919
21,7,45,7,51,7,54,7,61,7,62,7,0,0,0,0,0,0,0,0,0,0,0,0,20936228
19,7,22,7,0,0,0,0,0,0,0,0,0,0,0,0,0,0,0,0,0,0,0,0,20938151
21,7,28,1,45,7,62,7,0,0,0,0,0,0,0,0,0,0,0,0,0,0,0,0,20964034
21,7,44,7,46,7,55,7,62,7,0,0,0,0,0,0,0,0,0,0,0,0,0,0,20975024
45,7,46,7,55,7,0,0,0,0,0,0,0,0,0,0,0,0,0,0,0,0,0,0,20988426
1,7,4,7,9,7,12,7,18,7,20,1,0,0,0,0,0,0,0,0,0,0,0,0,21054286
12,7,21,7,45,7,46,7,51,7,54,7,0,0,0,0,0,0,0,0,0,0,0,0,21054287
45,7,46,7,62,7,0,0,0,0,0,0,0,0,0,0,0,0,0,0,0,0,0,0,21143596
9,7,18,7,51,7,54,7,0,0,0,0,0,0,0,0,0,0,0,0,0,0,0,0,21148190
21,7,51,7,54,7,0,0,0,0,0,0,0,0,0,0,0,0,0,0,0,0,0,0,21167213
25,7,38,7,44,7,0,0,0,0,0,0,0,0,0,0,0,0,0,0,0,0,0,0,21255157
12,7,17,1,20,7,52,7,0,0,0,0,0,0,0,0,0,0,0,0,0,0,0,0,21257486
42,1,0,0,0,0,0,0,0,0,0,0,0,0,0,0,0,0,0,0,0,0,0,0,21262738
21,7,54,7,58,7,63,7,0,0,0,0,0,0,0,0,0,0,0,0,0,0,0,0,21312597
12,7,46,7,59,7,0,0,0,0,0,0,0,0,0,0,0,0,0,0,0,0,0,0,21409261
3,2,22,7,54,7,0,0,0,0,0,0,0,0,0,0,0,0,0,0,0,0,0,0,21412347
2,7,4,7,12,7,19,7,22,7,22,7,46,7,0,0,0,0,0,0,0,0,0,0,21434519
44,7,0,0,0,0,0,0,0,0,0,0,0,0,0,0,0,0,0,0,0,0,0,0,21439638
21,7,45,7,54,7,62,7,0,0,0,0,0,0,0,0,0,0,0,0,0,0,0,0,21471359
18,7,20,7,46,7,64,7,0,0,0,0,0,0,0,0,0,0,0,0,0,0,0,0,21476878
1,7,5,7,13,7,20,7,23,7,56,7,0,0,0,0,0,0,0,0,0,0,0,0,21498121
12,7,0,0,0,0,0,0,0,0,0,0,0,0,0,0,0,0,0,0,0,0,0,0,21521700
62,7,0,0,0,0,0,0,0,0,0,0,0,0,0,0,0,0,0,0,0,0,0,0,21530189
9,7,21,2,45,7,0,0,0,0,0,0,0,0,0,0,0,0,0,0,0,0,0,0,21607317
3,1,45,7,62,2,0,0,0,0,0,0,0,0,0,0,0,0,0,0,0,0,0,0,21611634
2,7,11,7,25,7,0,0,0,0,0,0,0,0,0,0,0,0,0,0,0,0,0,0,21645020
30,7,0,0,0,0,0,0,0,0,0,0,0,0,0,0,0,0,0,0,0,0,0,0,21679983
12,7,27,2,52,7,58,7,61,7,0,0,0,0,0,0,0,0,0,0,0,0,0,0,21744521
9,7,18,7,0,0,0,0,0,0,0,0,0,0,0,0,0,0,0,0,0,0,0,0,21748479
12,7,37,7,61,7,0,0,0,0,0,0,0,0,0,0,0,0,0,0,0,0,0,0,21763153
51,7,62,7,64,7,0,0,0,0,0,0,0,0,0,0,0,0,0,0,0,0,0,0,21905265
3,7,44,7,61,2,0,0,0,0,0,0,0,0,0,0,0,0,0,0,0,0,0,0,21983900
3,7,4,7,12,7,54,7,0,0,0,0,0,0,0,0,0,0,0,0,0,0,0,0,22033387
61,7,0,0,0,0,0,0,0,0,0,0,0,0,0,0,0,0,0,0,0,0,0,0,22087831
3,7,4,1,22,7,44,7,0,0,0,0,0,0,0,0,0,0,0,0,0,0,0,0,22147490
12,7,61,7,0,0,0,0,0,0,0,0,0,0,0,0,0,0,0,0,0,0,0,0,22179313
3,2,12,7,0,0,0,0,0,0,0,0,0,0,0,0,0,0,0,0,0,0,0,0,22183394
21,7,25,1,62,7,0,0,0,0,0,0,0,0,0,0,0,0,0,0,0,0,0,0,22192945
4,7,9,7,12,7,18,7,20,7,44,7,0,0,0,0,0,0,0,0,0,0,0,0,22197194
61,7,0,0,0,0,0,0,0,0,0,0,0,0,0,0,0,0,0,0,0,0,0,0,22254906
3,7,12,7,27,7,46,7,55,7,59,7,0,0,0,0,0,0,0,0,0,0,0,0,22255502
42,1,0,0,0,0,0,0,0,0,0,0,0,0,0,0,0,0,0,0,0,0,0,0,22259878
52,2,0,0,0,0,0,0,0,0,0,0,0,0,0,0,0,0,0,0,0,0,0,0,22330323
61,2,0,0,0,0,0,0,0,0,0,0,0,0,0,0,0,0,0,0,0,0,0,0,22341256
21,7,51,7,54,7,0,0,0,0,0,0,0,0,0,0,0,0,0,0,0,0,0,0,22424146
3,7,12,7,14,1,20,2,27,7,0,0,0,0,0,0,0,0,0,0,0,0,0,0,22429257
3,7,18,7,21,7,22,7,22,7,27,7,45,7,46,7,51,7,54,7,58,7,59,7,22436675
2,7,9,7,11,7,18,7,0,0,0,0,0,0,0,0,0,0,0,0,0,0,0,0,22478750
3,7,4,7,12,7,20,7,27,7,54,7,59,7,64,7,0,0,0,0,0,0,0,0,22484106
4,7,20,7,46,7,56,1,0,0,0,0,0,0,0,0,0,0,0,0,0,0,0,0,22526813
25,7,39,1,0,0,0,0,0,0,0,0,0,0,0,0,0,0,0,0,0,0,0,0,22595661
21,7,51,7,54,7,0,0,0,0,0,0,0,0,0,0,0,0,0,0,0,0,0,0,22627975
20,7,0,0,0,0,0,0,0,0,0,0,0,0,0,0,0,0,0,0,0,0,0,0,22628934
13,1,27,7,0,0,0,0,0,0,0,0,0,0,0,0,0,0,0,0,0,0,0,0,22638439
3,7,18,7,0,0,0,0,0,0,0,0,0,0,0,0,0,0,0,0,0,0,0,0,22656848
20,2,27,7,44,7,0,0,0,0,0,0,0,0,0,0,0,0,0,0,0,0,0,0,22693415
20,1,0,0,0,0,0,0,0,0,0,0,0,0,0,0,0,0,0,0,0,0,0,0,22732724
4,1,9,7,12,7,20,7,35,7,0,0,0,0,0,0,0,0,0,0,0,0,0,0,22754874
10,7,35,7,52,7,61,7,0,0,0,0,0,0,0,0,0,0,0,0,0,0,0,0,22778566
4,1,46,7,51,7,54,7,63,7,0,0,0,0,0,0,0,0,0,0,0,0,0,0,22790288
27,7,46,7,54,7,0,0,0,0,0,0,0,0,0,0,0,0,0,0,0,0,0,0,22814136
1,7,21,7,0,0,0,0,0,0,0,0,0,0,0,0,0,0,0,0,0,0,0,0,22830963
4,1,20,7,53,7,0,0,0,0,0,0,0,0,0,0,0,0,0,0,0,0,0,0,22856484
3,7,12,7,18,7,54,7,0,0,0,0,0,0,0,0,0,0,0,0,0,0,0,0,22923180
46,7,59,7,0,0,0,0,0,0,0,0,0,0,0,0,0,0,0,0,0,0,0,0,22955659
28,7,51,7,54,7,55,7,62,7,64,7,0,0,0,0,0,0,0,0,0,0,0,0,22962997
61,7,0,0,0,0,0,0,0,0,0,0,0,0,0,0,0,0,0,0,0,0,0,0,22967372
21,7,45,7,62,2,0,0,0,0,0,0,0,0,0,0,0,0,0,0,0,0,0,0,22995104
20,1,21,7,44,7,45,7,51,7,54,7,63,7,64,7,0,0,0,0,0,0,0,0,23031794
4,7,12,7,25,7,35,1,54,7,58,7,60,7,0,0,0,0,0,0,0,0,0,0,23046251
45,7,62,7,0,0,0,0,0,0,0,0,0,0,0,0,0,0,0,0,0,0,0,0,23058476
45,7,51,7,54,7,64,7,0,0,0,0,0,0,0,0,0,0,0,0,0,0,0,0,23079557
51,7,54,7,0,0,0,0,0,0,0,0,0,0,0,0,0,0,0,0,0,0,0,0,23129905
4,1,27,7,46,7,59,7,0,0,0,0,0,0,0,0,0,0,0,0,0,0,0,0,23135522
12,7,43,2,0,0,0,0,0,0,0,0,0,0,0,0,0,0,0,0,0,0,0,0,23139902
50,1,0,0,0,0,0,0,0,0,0,0,0,0,0,0,0,0,0,0,0,0,0,0,23160950
12,7,0,0,0,0,0,0,0,0,0,0,0,0,0,0,0,0,0,0,0,0,0,0,23165230
2,7,20,7,34,6,35,1,0,0,0,0,0,0,0,0,0,0,0,0,0,0,0,0,23193255
12,1,21,7,45,7,54,7,0,0,0,0,0,0,0,0,0,0,0,0,0,0,0,0,23232172
3,7,9,7,12,7,0,0,0,0,0,0,0,0,0,0,0,0,0,0,0,0,0,0,23260679
4,7,0,0,0,0,0,0,0,0,0,0,0,0,0,0,0,0,0,0,0,0,0,0,23266445
3,7,21,7,54,7,0,0,0,0,0,0,0,0,0,0,0,0,0,0,0,0,0,0,23268903
23,7,36,7,0,0,0,0,0,0,0,0,0,0,0,0,0,0,0,0,0,0,0,0,23308610
2,7,25,1,0,0,0,0,0,0,0,0,0,0,0,0,0,0,0,0,0,0,0,0,23347764
18,7,46,7,51,2,0,0,0,0,0,0,0,0,0,0,0,0,0,0,0,0,0,0,23376383
46,7,50,7,63,7,0,0,0,0,0,0,0,0,0,0,0,0,0,0,0,0,0,0,23381276
3,7,12,7,20,7,54,7,59,2,0,0,0,0,0,0,0,0,0,0,0,0,0,0,23431596
12,7,27,1,0,0,0,0,0,0,0,0,0,0,0,0,0,0,0,0,0,0,0,0,23456323
12,7,19,1,46,2,61,7,0,0,0,0,0,0,0,0,0,0,0,0,0,0,0,0,23473062
2,7,28,7,0,0,0,0,0,0,0,0,0,0,0,0,0,0,0,0,0,0,0,0,23482791
12,7,22,7,46,7,0,0,0,0,0,0,0,0,0,0,0,0,0,0,0,0,0,0,23485017
7,7,12,7,15,1,0,0,0,0,0,0,0,0,0,0,0,0,0,0,0,0,0,0,23517487
3,7,12,7,23,7,63,7,0,0,0,0,0,0,0,0,0,0,0,0,0,0,0,0,23535785
20,1,61,7,0,0,0,0,0,0,0,0,0,0,0,0,0,0,0,0,0,0,0,0,23536673
13,1,20,7,45,7,61,7,0,0,0,0,0,0,0,0,0,0,0,0,0,0,0,0,23573264
16,1,45,7,62,7,0,0,0,0,0,0,0,0,0,0,0,0,0,0,0,0,0,0,23617881
8,1,18,7,20,7,61,7,0,0,0,0,0,0,0,0,0,0,0,0,0,0,0,0,23627196
12,7,54,7,61,7,0,0,0,0,0,0,0,0,0,0,0,0,0,0,0,0,0,0,23635254
15,1,27,7,54,7,58,7,0,0,0,0,0,0,0,0,0,0,0,0,0,0,0,0,23725565
13,7,23,6,0,0,0,0,0,0,0,0,0,0,0,0,0,0,0,0,0,0,0,0,23755482
4,7,12,7,16,7,20,7,0,0,0,0,0,0,0,0,0,0,0,0,0,0,0,0,23789473
20,7,0,0,0,0,0,0,0,0,0,0,0,0,0,0,0,0,0,0,0,0,0,0,23807962
12,1,45,7,0,0,0,0,0,0,0,0,0,0,0,0,0,0,0,0,0,0,0,0,23818187
21,7,27,1,0,0,0,0,0,0,0,0,0,0,0,0,0,0,0,0,0,0,0,0,23821937
6,1,27,7,0,0,0,0,0,0,0,0,0,0,0,0,0,0,0,0,0,0,0,0,23832812
21,7,22,7,22,7,41,1,45,7,46,7,54,7,62,7,0,0,0,0,0,0,0,0,23838438
61,7,0,0,0,0,0,0,0,0,0,0,0,0,0,0,0,0,0,0,0,0,0,0,23848807
23,7,36,1,0,0,0,0,0,0,0,0,0,0,0,0,0,0,0,0,0,0,0,0,23882398
49,7,0,0,0,0,0,0,0,0,0,0,0,0,0,0,0,0,0,0,0,0,0,0,23891362
3,7,9,7,12,7,59,7,0,0,0,0,0,0,0,0,0,0,0,0,0,0,0,0,23901023
25,1,62,7,0,0,0,0,0,0,0,0,0,0,0,0,0,0,0,0,0,0,0,0,23906656
4,7,12,7,0,0,0,0,0,0,0,0,0,0,0,0,0,0,0,0,0,0,0,0,23932374
22,7,46,7,58,7,59,7,0,0,0,0,0,0,0,0,0,0,0,0,0,0,0,0,23946759
28,7,44,7,58,7,0,0,0,0,0,0,0,0,0,0,0,0,0,0,0,0,0,0,23962400
12,7,37,7,54,7,58,7,0,0,0,0,0,0,0,0,0,0,0,0,0,0,0,0,23991888
45,2,61,7,0,0,0,0,0,0,0,0,0,0,0,0,0,0,0,0,0,0,0,0,23996971
3,7,51,7,0,0,0,0,0,0,0,0,0,0,0,0,0,0,0,0,0,0,0,0,24091208
4,7,40,7,59,2,0,0,0,0,0,0,0,0,0,0,0,0,0,0,0,0,0,0,24093360
3,2,12,7,18,7,61,7,0,0,0,0,0,0,0,0,0,0,0,0,0,0,0,0,24132424
20,7,22,7,44,7,52,7,0,0,0,0,0,0,0,0,0,0,0,0,0,0,0,0,24169696
12,7,59,2,0,0,0,0,0,0,0,0,0,0,0,0,0,0,0,0,0,0,0,0,24207726
12,7,44,7,46,7,59,7,0,0,0,0,0,0,0,0,0,0,0,0,0,0,0,0,24215387
12,7,20,7,57,1,60,7,0,0,0,0,0,0,0,0,0,0,0,0,0,0,0,0,24227014
20,2,57,1,0,0,0,0,0,0,0,0,0,0,0,0,0,0,0,0,0,0,0,0,24238790
3,7,20,7,58,7,0,0,0,0,0,0,0,0,0,0,0,0,0,0,0,0,0,0,24269897
1,7,4,7,12,7,0,0,0,0,0,0,0,0,0,0,0,0,0,0,0,0,0,0,24341550
3,7,12,7,18,7,46,7,61,7,0,0,0,0,0,0,0,0,0,0,0,0,0,0,24395686
21,7,45,7,0,0,0,0,0,0,0,0,0,0,0,0,0,0,0,0,0,0,0,0,24417958
1,7,2,7,6,7,11,7,14,7,17,7,20,7,22,7,27,7,28,7,31,7,48,7,24449344
1,7,2,7,42,7,0,0,0,0,0,0,0,0,0,0,0,0,0,0,0,0,0,0,24511264
20,7,25,5,59,2,0,0,0,0,0,0,0,0,0,0,0,0,0,0,0,0,0,0,24555284
21,7,45,7,63,1,0,0,0,0,0,0,0,0,0,0,0,0,0,0,0,0,0,0,24578163
15,1,18,7,0,0,0,0,0,0,0,0,0,0,0,0,0,0,0,0,0,0,0,0,24614197
12,7,20,7,46,7,54,7,0,0,0,0,0,0,0,0,0,0,0,0,0,0,0,0,24631799
12,7,20,7,0,0,0,0,0,0,0,0,0,0,0,0,0,0,0,0,0,0,0,0,24651003
16,1,54,7,0,0,0,0,0,0,0,0,0,0,0,0,0,0,0,0,0,0,0,0,24674921
61,7,0,0,0,0,0,0,0,0,0,0,0,0,0,0,0,0,0,0,0,0,0,0,24704490
3,7,12,7,21,7,45,7,46,7,51,7,54,7,62,7,63,7,0,0,0,0,0,0,24800498
12,7,52,7,0,0,0,0,0,0,0,0,0,0,0,0,0,0,0,0,0,0,0,0,24824176
21,7,22,7,44,7,51,7,0,0,0,0,0,0,0,0,0,0,0,0,0,0,0,0,24835823
63,7,64,7,0,0,0,0,0,0,0,0,0,0,0,0,0,0,0,0,0,0,0,0,24852270
44,7,57,1,58,7,60,7,0,0,0,0,0,0,0,0,0,0,0,0,0,0,0,0,24859194
3,7,12,7,52,1,61,2,0,0,0,0,0,0,0,0,0,0,0,0,0,0,0,0,24860766
3,7,12,7,27,7,46,7,55,7,59,7,0,0,0,0,0,0,0,0,0,0,0,0,24880900
45,7,62,7,0,0,0,0,0,0,0,0,0,0,0,0,0,0,0,0,0,0,0,0,24924345
11,7,17,7,27,7,0,0,0,0,0,0,0,0,0,0,0,0,0,0,0,0,0,0,24938916
3,7,11,1,0,0,0,0,0,0,0,0,0,0,0,0,0,0,0,0,0,0,0,0,24950618
20,7,22,7,54,7,0,0,0,0,0,0,0,0,0,0,0,0,0,0,0,0,0,0,24953014
13,1,15,7,0,0,0,0,0,0,0,0,0,0,0,0,0,0,0,0,0,0,0,0,25499963
46,7,54,2,62,7,0,0,0,0,0,0,0,0,0,0,0,0,0,0,0,0,0,0,25555693
22,1,61,7,0,0,0,0,0,0,0,0,0,0,0,0,0,0,0,0,0,0,0,0,25557175
12,7,21,7,27,7,38,7,45,7,46,7,51,7,52,1,54,7,55,7,58,7,61,7,25605887
10,7,11,7,12,7,17,1,0,0,0,0,0,0,0,0,0,0,0,0,0,0,0,0,25713306
12,7,20,1,61,7,0,0,0,0,0,0,0,0,0,0,0,0,0,0,0,0,0,0,25736727
7,7,15,1,33,7,0,0,0,0,0,0,0,0,0,0,0,0,0,0,0,0,0,0,25757933
3,7,12,7,18,7,21,7,45,7,46,7,51,7,54,7,62,7,0,0,0,0,0,0,25764973
27,7,44,7,63,7,0,0,0,0,0,0,0,0,0,0,0,0,0,0,0,0,0,0,25765699
20,7,21,7,44,7,45,7,62,7,0,0,0,0,0,0,0,0,0,0,0,0,0,0,25767570
9,7,12,7,18,7,0,0,0,0,0,0,0,0,0,0,0,0,0,0,0,0,0,0,25768138
