26,7,62,7,63,7,64,7,0,0,0,0,0,0,0,0,0,0,0,0,0,0,0,0,12811269
5,7,12,7,13,7,38,7,0,0,0,0,0,0,0,0,0,0,0,0,0,0,0,0,15790898
44,7,64,7,0,0,0,0,0,0,0,0,0,0,0,0,0,0,0,0,0,0,0,0,25190023
54,2,61,7,0,0,0,0,0,0,0,0,0,0,0,0,0,0,0,0,0,0,0,0,25282355
45,7,51,7,62,7,0,0,0,0,0,0,0,0,0,0,0,0,0,0,0,0,0,0,25335764
46,7,51,2,64,7,0,0,0,0,0,0,0,0,0,0,0,0,0,0,0,0,0,0,25417161
54,2,61,7,0,0,0,0,0,0,0,0,0,0,0,0,0,0,0,0,0,0,0,0,25423922
20,7,54,7,61,7,0,0,0,0,0,0,0,0,0,0,0,0,0,0,0,0,0,0,25437699
12,7,17,1,52,7,61,2,0,0,0,0,0,0,0,0,0,0,0,0,0,0,0,0,25476691
3,7,9,7,0,0,0,0,0,0,0,0,0,0,0,0,0,0,0,0,0,0,0,0,25480984
28,1,0,0,0,0,0,0,0,0,0,0,0,0,0,0,0,0,0,0,0,0,0,0,25481069
20,1,0,0,0,0,0,0,0,0,0,0,0,0,0,0,0,0,0,0,0,0,0,0,25481079
26,7,46,7,58,1,62,7,0,0,0,0,0,0,0,0,0,0,0,0,0,0,0,0,25481180
1,1,20,7,44,7,58,7,0,0,0,0,0,0,0,0,0,0,0,0,0,0,0,0,25481329
20,1,22,7,51,7,62,7,0,0,0,0,0,0,0,0,0,0,0,0,0,0,0,0,25481668
20,1,45,7,46,7,62,7,0,0,0,0,0,0,0,0,0,0,0,0,0,0,0,0,25481742
46,7,59,2,0,0,0,0,0,0,0,0,0,0,0,0,0,0,0,0,0,0,0,0,25481888
45,7,61,7,0,0,0,0,0,0,0,0,0,0,0,0,0,0,0,0,0,0,0,0,25483050
22,7,22,7,38,7,55,7,0,0,0,0,0,0,0,0,0,0,0,0,0,0,0,0,25501247
8,1,21,7,45,7,54,7,0,0,0,0,0,0,0,0,0,0,0,0,0,0,0,0,25525622
26,7,45,7,54,7,57,1,0,0,0,0,0,0,0,0,0,0,0,0,0,0,0,0,25525818
19,1,21,7,45,7,54,7,0,0,0,0,0,0,0,0,0,0,0,0,0,0,0,0,25525938
18,1,26,7,46,7,0,0,0,0,0,0,0,0,0,0,0,0,0,0,0,0,0,0,25526390
10,2,0,0,0,0,0,0,0,0,0,0,0,0,0,0,0,0,0,0,0,0,0,0,25527112
3,7,9,7,21,7,22,7,22,7,26,7,46,7,54,7,55,7,59,7,0,0,0,0,25527246
26,7,28,1,54,7,62,7,0,0,0,0,0,0,0,0,0,0,0,0,0,0,0,0,25527258
13,1,26,7,45,7,0,0,0,0,0,0,0,0,0,0,0,0,0,0,0,0,0,0,25527425
4,7,9,7,18,7,0,0,0,0,0,0,0,0,0,0,0,0,0,0,0,0,0,0,25527469
4,2,44,7,0,0,0,0,0,0,0,0,0,0,0,0,0,0,0,0,0,0,0,0,25527599
62,7,65,7,65,7,0,0,0,0,0,0,0,0,0,0,0,0,0,0,0,0,0,0,25528151
3,7,21,7,22,7,26,7,45,7,54,7,62,7,0,0,0,0,0,0,0,0,0,0,25528182
45,7,46,7,0,0,0,0,0,0,0,0,0,0,0,0,0,0,0,0,0,0,0,0,25528811
12,7,18,7,52,7,0,0,0,0,0,0,0,0,0,0,0,0,0,0,0,0,0,0,25529006
4,1,12,7,22,7,0,0,0,0,0,0,0,0,0,0,0,0,0,0,0,0,0,0,25529284
4,1,0,0,0,0,0,0,0,0,0,0,0,0,0,0,0,0,0,0,0,0,0,0,25530401
21,7,22,7,22,7,46,7,51,7,54,7,59,7,63,7,0,0,0,0,0,0,0,0,25530453
57,1,61,2,0,0,0,0,0,0,0,0,0,0,0,0,0,0,0,0,0,0,0,0,25530509
20,1,21,7,54,7,0,0,0,0,0,0,0,0,0,0,0,0,0,0,0,0,0,0,25530802
8,7,28,1,0,0,0,0,0,0,0,0,0,0,0,0,0,0,0,0,0,0,0,0,25530912
21,7,45,7,0,0,0,0,0,0,0,0,0,0,0,0,0,0,0,0,0,0,0,0,25531005
28,7,45,2,0,0,0,0,0,0,0,0,0,0,0,0,0,0,0,0,0,0,0,0,25531112
12,7,52,1,61,7,0,0,0,0,0,0,0,0,0,0,0,0,0,0,0,0,0,0,25531169
46,7,59,2,0,0,0,0,0,0,0,0,0,0,0,0,0,0,0,0,0,0,0,0,25531192
9,7,18,1,0,0,0,0,0,0,0,0,0,0,0,0,0,0,0,0,0,0,0,0,25531497
20,7,25,7,28,7,57,1,0,0,0,0,0,0,0,0,0,0,0,0,0,0,0,0,25531556
59,5,0,0,0,0,0,0,0,0,0,0,0,0,0,0,0,0,0,0,0,0,0,0,25531678
12,1,22,7,26,7,46,7,0,0,0,0,0,0,0,0,0,0,0,0,0,0,0,0,25531981
3,7,44,7,54,7,58,7,0,0,0,0,0,0,0,0,0,0,0,0,0,0,0,0,25531998
3,7,4,1,13,7,20,7,21,7,45,7,51,7,0,0,0,0,0,0,0,0,0,0,25532048
9,7,18,7,27,1,59,7,0,0,0,0,0,0,0,0,0,0,0,0,0,0,0,0,25532457
9,7,12,7,18,7,0,0,0,0,0,0,0,0,0,0,0,0,0,0,0,0,0,0,25532509
12,1,21,7,45,7,0,0,0,0,0,0,0,0,0,0,0,0,0,0,0,0,0,0,25532601
58,7,59,7,0,0,0,0,0,0,0,0,0,0,0,0,0,0,0,0,0,0,0,0,25533125
52,2,54,7,61,7,0,0,0,0,0,0,0,0,0,0,0,0,0,0,0,0,0,0,25533306
29,1,61,7,0,0,0,0,0,0,0,0,0,0,0,0,0,0,0,0,0,0,0,0,25533529
42,1,0,0,0,0,0,0,0,0,0,0,0,0,0,0,0,0,0,0,0,0,0,0,25533623
61,7,0,0,0,0,0,0,0,0,0,0,0,0,0,0,0,0,0,0,0,0,0,0,25534059
20,7,28,7,35,7,0,0,0,0,0,0,0,0,0,0,0,0,0,0,0,0,0,0,25534155
46,7,51,1,62,7,0,0,0,0,0,0,0,0,0,0,0,0,0,0,0,0,0,0,25534243
46,7,51,7,54,7,59,7,64,7,0,0,0,0,0,0,0,0,0,0,0,0,0,0,25534320
3,7,44,7,54,7,0,0,0,0,0,0,0,0,0,0,0,0,0,0,0,0,0,0,25534591
46,7,54,7,0,0,0,0,0,0,0,0,0,0,0,0,0,0,0,0,0,0,0,0,25535112
62,1,0,0,0,0,0,0,0,0,0,0,0,0,0,0,0,0,0,0,0,0,0,0,25535155
62,7,64,7,0,0,0,0,0,0,0,0,0,0,0,0,0,0,0,0,0,0,0,0,25535398
26,7,41,1,58,7,0,0,0,0,0,0,0,0,0,0,0,0,0,0,0,0,0,0,25535676
8,1,0,0,0,0,0,0,0,0,0,0,0,0,0,0,0,0,0,0,0,0,0,0,25535728
2,1,20,7,0,0,0,0,0,0,0,0,0,0,0,0,0,0,0,0,0,0,0,0,25536023
1,7,11,1,12,6,64,7,0,0,0,0,0,0,0,0,0,0,0,0,0,0,0,0,25536442
59,7,0,0,0,0,0,0,0,0,0,0,0,0,0,0,0,0,0,0,0,0,0,0,25536590
9,7,28,7,29,7,0,0,0,0,0,0,0,0,0,0,0,0,0,0,0,0,0,0,25537211
1,7,2,7,20,1,0,0,0,0,0,0,0,0,0,0,0,0,0,0,0,0,0,0,25537348
28,5,59,7,0,0,0,0,0,0,0,0,0,0,0,0,0,0,0,0,0,0,0,0,25537365
12,7,18,7,33,1,53,7,0,0,0,0,0,0,0,0,0,0,0,0,0,0,0,0,25537547
37,7,51,7,58,7,0,0,0,0,0,0,0,0,0,0,0,0,0,0,0,0,0,0,25537582
12,7,26,7,28,1,46,7,54,7,55,7,0,0,0,0,0,0,0,0,0,0,0,0,25537750
53,1,0,0,0,0,0,0,0,0,0,0,0,0,0,0,0,0,0,0,0,0,0,0,25537799
54,7,61,2,0,0,0,0,0,0,0,0,0,0,0,0,0,0,0,0,0,0,0,0,25537961
20,6,63,7,64,7,0,0,0,0,0,0,0,0,0,0,0,0,0,0,0,0,0,0,25537972
12,1,20,7,26,7,61,7,64,7,0,0,0,0,0,0,0,0,0,0,0,0,0,0,25538015
12,7,40,7,59,7,0,0,0,0,0,0,0,0,0,0,0,0,0,0,0,0,0,0,25538272
21,7,45,7,0,0,0,0,0,0,0,0,0,0,0,0,0,0,0,0,0,0,0,0,25538751
18,7,51,7,54,2,64,7,0,0,0,0,0,0,0,0,0,0,0,0,0,0,0,0,25538889
4,1,12,7,22,7,0,0,0,0,0,0,0,0,0,0,0,0,0,0,0,0,0,0,25538967
26,7,46,7,0,0,0,0,0,0,0,0,0,0,0,0,0,0,0,0,0,0,0,0,25538981
20,1,26,7,0,0,0,0,0,0,0,0,0,0,0,0,0,0,0,0,0,0,0,0,25539052
19,7,26,7,0,0,0,0,0,0,0,0,0,0,0,0,0,0,0,0,0,0,0,0,25539079
21,7,45,2,0,0,0,0,0,0,0,0,0,0,0,0,0,0,0,0,0,0,0,0,25539875
12,7,52,7,61,7,0,0,0,0,0,0,0,0,0,0,0,0,0,0,0,0,0,0,25539977
11,1,26,7,28,7,61,7,64,7,0,0,0,0,0,0,0,0,0,0,0,0,0,0,25540023
20,7,35,7,42,7,44,7,56,1,59,7,0,0,0,0,0,0,0,0,0,0,0,0,25540754
9,7,61,7,0,0,0,0,0,0,0,0,0,0,0,0,0,0,0,0,0,0,0,0,25541076
1,7,4,7,9,7,40,7,0,0,0,0,0,0,0,0,0,0,0,0,0,0,0,0,25541083
20,1,62,5,0,0,0,0,0,0,0,0,0,0,0,0,0,0,0,0,0,0,0,0,25541101
12,7,0,0,0,0,0,0,0,0,0,0,0,0,0,0,0,0,0,0,0,0,0,0,25541126
46,7,54,2,0,0,0,0,0,0,0,0,0,0,0,0,0,0,0,0,0,0,0,0,25541430
61,2,0,0,0,0,0,0,0,0,0,0,0,0,0,0,0,0,0,0,0,0,0,0,25541543
12,1,59,7,0,0,0,0,0,0,0,0,0,0,0,0,0,0,0,0,0,0,0,0,25541953
20,7,25,7,0,0,0,0,0,0,0,0,0,0,0,0,0,0,0,0,0,0,0,0,25543894
26,7,44,7,46,7,54,7,0,0,0,0,0,0,0,0,0,0,0,0,0,0,0,0,25544241
53,1,59,2,0,0,0,0,0,0,0,0,0,0,0,0,0,0,0,0,0,0,0,0,25544550
20,7,22,7,58,7,0,0,0,0,0,0,0,0,0,0,0,0,0,0,0,0,0,0,25544585
1,1,26,7,44,7,0,0,0,0,0,0,0,0,0,0,0,0,0,0,0,0,0,0,25544601
32,7,60,6,0,0,0,0,0,0,0,0,0,0,0,0,0,0,0,0,0,0,0,0,25544666
26,7,44,2,0,0,0,0,0,0,0,0,0,0,0,0,0,0,0,0,0,0,0,0,25544744
9,1,51,7,52,7,0,0,0,0,0,0,0,0,0,0,0,0,0,0,0,0,0,0,25544918
8,7,52,2,0,0,0,0,0,0,0,0,0,0,0,0,0,0,0,0,0,0,0,0,25544993
22,7,51,7,54,7,59,7,0,0,0,0,0,0,0,0,0,0,0,0,0,0,0,0,25545081
22,7,46,7,0,0,0,0,0,0,0,0,0,0,0,0,0,0,0,0,0,0,0,0,25545279
26,1,54,7,0,0,0,0,0,0,0,0,0,0,0,0,0,0,0,0,0,0,0,0,25545494
52,7,61,7,0,0,0,0,0,0,0,0,0,0,0,0,0,0,0,0,0,0,0,0,25545533
21,7,51,7,54,7,0,0,0,0,0,0,0,0,0,0,0,0,0,0,0,0,0,0,25545630
23,7,26,2,0,0,0,0,0,0,0,0,0,0,0,0,0,0,0,0,0,0,0,0,25545802
10,5,0,0,0,0,0,0,0,0,0,0,0,0,0,0,0,0,0,0,0,0,0,0,25546222
3,7,44,7,54,7,58,7,0,0,0,0,0,0,0,0,0,0,0,0,0,0,0,0,25546293
54,2,59,7,0,0,0,0,0,0,0,0,0,0,0,0,0,0,0,0,0,0,0,0,25546402
22,2,58,7,0,0,0,0,0,0,0,0,0,0,0,0,0,0,0,0,0,0,0,0,25546499
46,2,54,7,0,0,0,0,0,0,0,0,0,0,0,0,0,0,0,0,0,0,0,0,25546672
52,1,0,0,0,0,0,0,0,0,0,0,0,0,0,0,0,0,0,0,0,0,0,0,25546848
13,7,23,7,0,0,0,0,0,0,0,0,0,0,0,0,0,0,0,0,0,0,0,0,25546905
22,7,46,7,51,7,54,7,62,7,0,0,0,0,0,0,0,0,0,0,0,0,0,0,25547303
59,2,0,0,0,0,0,0,0,0,0,0,0,0,0,0,0,0,0,0,0,0,0,0,25547562
21,7,26,7,45,7,54,7,62,7,0,0,0,0,0,0,0,0,0,0,0,0,0,0,25548136
12,7,20,1,52,2,61,7,0,0,0,0,0,0,0,0,0,0,0,0,0,0,0,0,25548359
46,7,54,7,0,0,0,0,0,0,0,0,0,0,0,0,0,0,0,0,0,0,0,0,25548389
61,7,0,0,0,0,0,0,0,0,0,0,0,0,0,0,0,0,0,0,0,0,0,0,25548617
12,7,22,7,46,7,51,7,54,7,59,7,61,7,63,7,0,0,0,0,0,0,0,0,25548696
61,7,0,0,0,0,0,0,0,0,0,0,0,0,0,0,0,0,0,0,0,0,0,0,25548710
3,7,9,7,11,1,12,7,18,7,0,0,0,0,0,0,0,0,0,0,0,0,0,0,25548720
24,1,52,7,61,7,0,0,0,0,0,0,0,0,0,0,0,0,0,0,0,0,0,0,25548722
61,7,0,0,0,0,0,0,0,0,0,0,0,0,0,0,0,0,0,0,0,0,0,0,25548735
53,1,58,7,0,0,0,0,0,0,0,0,0,0,0,0,0,0,0,0,0,0,0,0,25549205
22,7,35,7,45,7,0,0,0,0,0,0,0,0,0,0,0,0,0,0,0,0,0,0,25549347
42,1,0,0,0,0,0,0,0,0,0,0,0,0,0,0,0,0,0,0,0,0,0,0,25549621
4,7,35,7,54,7,0,0,0,0,0,0,0,0,0,0,0,0,0,0,0,0,0,0,25550016
21,7,26,7,46,1,0,0,0,0,0,0,0,0,0,0,0,0,0,0,0,0,0,0,25550024
3,7,4,7,59,7,0,0,0,0,0,0,0,0,0,0,0,0,0,0,0,0,0,0,25562786
2,7,20,7,29,1,0,0,0,0,0,0,0,0,0,0,0,0,0,0,0,0,0,0,25563366
3,7,4,7,9,7,14,7,20,7,29,7,37,7,45,7,64,7,0,0,0,0,0,0,25563399
3,2,59,7,0,0,0,0,0,0,0,0,0,0,0,0,0,0,0,0,0,0,0,0,25563470
22,7,36,1,54,7,58,7,0,0,0,0,0,0,0,0,0,0,0,0,0,0,0,0,25563803
20,7,61,7,0,0,0,0,0,0,0,0,0,0,0,0,0,0,0,0,0,0,0,0,25564172
29,7,50,7,65,7,0,0,0,0,0,0,0,0,0,0,0,0,0,0,0,0,0,0,25564595
22,7,26,7,0,0,0,0,0,0,0,0,0,0,0,0,0,0,0,0,0,0,0,0,25564628
3,7,9,2,44,7,0,0,0,0,0,0,0,0,0,0,0,0,0,0,0,0,0,0,25564805
13,1,22,7,26,7,55,7,0,0,0,0,0,0,0,0,0,0,0,0,0,0,0,0,25565413
26,7,45,7,54,7,0,0,0,0,0,0,0,0,0,0,0,0,0,0,0,0,0,0,25565816
18,7,0,0,0,0,0,0,0,0,0,0,0,0,0,0,0,0,0,0,0,0,0,0,25566328
26,7,45,7,46,7,51,7,54,7,0,0,0,0,0,0,0,0,0,0,0,0,0,0,25566851
11,1,21,7,26,7,46,7,51,7,0,0,0,0,0,0,0,0,0,0,0,0,0,0,25567003
12,7,28,7,0,0,0,0,0,0,0,0,0,0,0,0,0,0,0,0,0,0,0,0,25567161
12,7,28,7,52,7,0,0,0,0,0,0,0,0,0,0,0,0,0,0,0,0,0,0,25567292
22,7,46,7,54,7,0,0,0,0,0,0,0,0,0,0,0,0,0,0,0,0,0,0,25567521
21,7,51,7,54,7,0,0,0,0,0,0,0,0,0,0,0,0,0,0,0,0,0,0,25568114
18,2,26,7,45,7,46,7,0,0,0,0,0,0,0,0,0,0,0,0,0,0,0,0,25568338
3,7,4,7,46,7,51,7,59,7,64,7,0,0,0,0,0,0,0,0,0,0,0,0,25568375
46,7,59,2,0,0,0,0,0,0,0,0,0,0,0,0,0,0,0,0,0,0,0,0,25568742
22,7,54,7,61,2,0,0,0,0,0,0,0,0,0,0,0,0,0,0,0,0,0,0,25568804
21,7,22,7,22,7,26,7,45,1,0,0,0,0,0,0,0,0,0,0,0,0,0,0,25568993
13,7,23,7,44,7,0,0,0,0,0,0,0,0,0,0,0,0,0,0,0,0,0,0,25569262
4,7,28,7,46,7,0,0,0,0,0,0,0,0,0,0,0,0,0,0,0,0,0,0,25569332
1,2,20,7,35,2,0,0,0,0,0,0,0,0,0,0,0,0,0,0,0,0,0,0,25569410
9,7,18,7,26,7,28,7,0,0,0,0,0,0,0,0,0,0,0,0,0,0,0,0,25569548
23,7,38,1,0,0,0,0,0,0,0,0,0,0,0,0,0,0,0,0,0,0,0,0,25570248
11,7,12,7,21,7,0,0,0,0,0,0,0,0,0,0,0,0,0,0,0,0,0,0,25570858
19,7,23,7,25,7,0,0,0,0,0,0,0,0,0,0,0,0,0,0,0,0,0,0,25571629
3,7,20,7,28,7,0,0,0,0,0,0,0,0,0,0,0,0,0,0,0,0,0,0,25571834
28,7,45,7,51,7,54,7,62,7,0,0,0,0,0,0,0,0,0,0,0,0,0,0,25572271
20,1,21,7,26,7,0,0,0,0,0,0,0,0,0,0,0,0,0,0,0,0,0,0,25572315
21,7,54,7,55,7,0,0,0,0,0,0,0,0,0,0,0,0,0,0,0,0,0,0,25572482
20,7,0,0,0,0,0,0,0,0,0,0,0,0,0,0,0,0,0,0,0,0,0,0,25573143
3,7,12,7,26,7,0,0,0,0,0,0,0,0,0,0,0,0,0,0,0,0,0,0,25573193
1,1,20,7,22,7,46,7,0,0,0,0,0,0,0,0,0,0,0,0,0,0,0,0,25573396
21,7,0,0,0,0,0,0,0,0,0,0,0,0,0,0,0,0,0,0,0,0,0,0,25573653
8,7,12,7,52,7,0,0,0,0,0,0,0,0,0,0,0,0,0,0,0,0,0,0,25573828
8,1,27,7,52,7,61,7,0,0,0,0,0,0,0,0,0,0,0,0,0,0,0,0,25582293
46,2,54,7,0,0,0,0,0,0,0,0,0,0,0,0,0,0,0,0,0,0,0,0,25582386
4,1,12,7,40,7,63,7,0,0,0,0,0,0,0,0,0,0,0,0,0,0,0,0,25582423
45,2,46,7,57,1,59,7,62,7,0,0,0,0,0,0,0,0,0,0,0,0,0,0,25582898
20,7,26,7,0,0,0,0,0,0,0,0,0,0,0,0,0,0,0,0,0,0,0,0,25582944
19,7,25,7,44,7,58,7,0,0,0,0,0,0,0,0,0,0,0,0,0,0,0,0,25583032
3,1,26,7,45,7,0,0,0,0,0,0,0,0,0,0,0,0,0,0,0,0,0,0,25583382
21,7,26,7,28,1,46,7,51,7,54,7,62,7,0,0,0,0,0,0,0,0,0,0,25583723
22,7,54,7,59,7,0,0,0,0,0,0,0,0,0,0,0,0,0,0,0,0,0,0,25585266
65,7,0,0,0,0,0,0,0,0,0,0,0,0,0,0,0,0,0,0,0,0,0,0,25585544
26,7,54,7,64,7,0,0,0,0,0,0,0,0,0,0,0,0,0,0,0,0,0,0,25585749
20,1,25,7,0,0,0,0,0,0,0,0,0,0,0,0,0,0,0,0,0,0,0,0,25585872
12,7,26,7,45,7,0,0,0,0,0,0,0,0,0,0,0,0,0,0,0,0,0,0,25586274
4,7,18,7,28,7,45,7,46,7,51,7,54,7,55,7,59,7,0,0,0,0,0,0,25588210
16,1,40,2,0,0,0,0,0,0,0,0,0,0,0,0,0,0,0,0,0,0,0,0,25588457
18,1,46,7,0,0,0,0,0,0,0,0,0,0,0,0,0,0,0,0,0,0,0,0,25588931
17,7,0,0,0,0,0,0,0,0,0,0,0,0,0,0,0,0,0,0,0,0,0,0,25588971
20,1,0,0,0,0,0,0,0,0,0,0,0,0,0,0,0,0,0,0,0,0,0,0,25589650
51,7,63,7,64,7,0,0,0,0,0,0,0,0,0,0,0,0,0,0,0,0,0,0,25589704
22,7,26,7,35,7,63,7,0,0,0,0,0,0,0,0,0,0,0,0,0,0,0,0,25630149
45,7,46,7,51,7,62,7,0,0,0,0,0,0,0,0,0,0,0,0,0,0,0,0,25644287
22,7,28,7,52,7,54,7,61,7,0,0,0,0,0,0,0,0,0,0,0,0,0,0,25644637
44,7,61,7,0,0,0,0,0,0,0,0,0,0,0,0,0,0,0,0,0,0,0,0,25644643
53,1,0,0,0,0,0,0,0,0,0,0,0,0,0,0,0,0,0,0,0,0,0,0,25644924
9,7,21,7,46,7,51,7,62,7,0,0,0,0,0,0,0,0,0,0,0,0,0,0,25645371
46,7,53,7,59,7,0,0,0,0,0,0,0,0,0,0,0,0,0,0,0,0,0,0,25645743
21,7,26,7,35,7,0,0,0,0,0,0,0,0,0,0,0,0,0,0,0,0,0,0,25647109
9,7,11,7,12,1,18,7,0,0,0,0,0,0,0,0,0,0,0,0,0,0,0,0,25647127
20,7,34,7,0,0,0,0,0,0,0,0,0,0,0,0,0,0,0,0,0,0,0,0,25647402
9,7,12,7,46,7,64,7,0,0,0,0,0,0,0,0,0,0,0,0,0,0,0,0,25647756
16,7,26,1,44,7,58,7,0,0,0,0,0,0,0,0,0,0,0,0,0,0,0,0,25648148
3,7,22,7,44,7,54,7,58,7,0,0,0,0,0,0,0,0,0,0,0,0,0,0,25648191
12,7,18,7,45,7,46,7,54,7,0,0,0,0,0,0,0,0,0,0,0,0,0,0,25648246
26,7,29,1,46,7,62,7,0,0,0,0,0,0,0,0,0,0,0,0,0,0,0,0,25648514
46,7,55,7,59,7,0,0,0,0,0,0,0,0,0,0,0,0,0,0,0,0,0,0,25649268
12,7,61,7,0,0,0,0,0,0,0,0,0,0,0,0,0,0,0,0,0,0,0,0,25649411
26,7,54,7,62,7,0,0,0,0,0,0,0,0,0,0,0,0,0,0,0,0,0,0,25649758
8,7,52,7,61,7,0,0,0,0,0,0,0,0,0,0,0,0,0,0,0,0,0,0,25650054
26,7,50,7,0,0,0,0,0,0,0,0,0,0,0,0,0,0,0,0,0,0,0,0,25650355
54,7,62,7,0,0,0,0,0,0,0,0,0,0,0,0,0,0,0,0,0,0,0,0,25650982
26,7,28,7,0,0,0,0,0,0,0,0,0,0,0,0,0,0,0,0,0,0,0,0,25651328
45,7,62,2,0,0,0,0,0,0,0,0,0,0,0,0,0,0,0,0,0,0,0,0,25651889
3,7,9,7,26,7,44,7,57,1,58,7,64,7,0,0,0,0,0,0,0,0,0,0,25652510
22,7,28,7,59,7,0,0,0,0,0,0,0,0,0,0,0,0,0,0,0,0,0,0,25652725
20,7,22,7,54,7,0,0,0,0,0,0,0,0,0,0,0,0,0,0,0,0,0,0,25653769
21,7,26,7,62,7,0,0,0,0,0,0,0,0,0,0,0,0,0,0,0,0,0,0,25654507
11,1,52,7,61,2,64,7,0,0,0,0,0,0,0,0,0,0,0,0,0,0,0,0,25654653
3,1,12,7,45,7,54,7,64,7,0,0,0,0,0,0,0,0,0,0,0,0,0,0,25654779
21,7,22,7,54,7,62,7,0,0,0,0,0,0,0,0,0,0,0,0,0,0,0,0,25657249
44,7,54,7,58,7,62,7,0,0,0,0,0,0,0,0,0,0,0,0,0,0,0,0,25657457
8,7,52,2,0,0,0,0,0,0,0,0,0,0,0,0,0,0,0,0,0,0,0,0,25658871
26,7,28,7,46,7,59,7,0,0,0,0,0,0,0,0,0,0,0,0,0,0,0,0,25659671
12,7,38,7,44,7,58,7,0,0,0,0,0,0,0,0,0,0,0,0,0,0,0,0,25659694
23,7,63,7,0,0,0,0,0,0,0,0,0,0,0,0,0,0,0,0,0,0,0,0,25659940
2,1,23,7,0,0,0,0,0,0,0,0,0,0,0,0,0,0,0,0,0,0,0,0,25660012
20,1,26,7,64,7,0,0,0,0,0,0,0,0,0,0,0,0,0,0,0,0,0,0,25660098
35,7,39,7,50,7,57,7,0,0,0,0,0,0,0,0,0,0,0,0,0,0,0,0,25660599
3,7,18,7,28,7,29,7,0,0,0,0,0,0,0,0,0,0,0,0,0,0,0,0,25660713
40,7,0,0,0,0,0,0,0,0,0,0,0,0,0,0,0,0,0,0,0,0,0,0,25661253
19,1,23,7,25,7,0,0,0,0,0,0,0,0,0,0,0,0,0,0,0,0,0,0,25661686
58,7,63,7,64,7,0,0,0,0,0,0,0,0,0,0,0,0,0,0,0,0,0,0,25662268
20,2,44,7,58,7,0,0,0,0,0,0,0,0,0,0,0,0,0,0,0,0,0,0,25662905
45,7,46,7,0,0,0,0,0,0,0,0,0,0,0,0,0,0,0,0,0,0,0,0,25663013
46,7,54,7,59,7,0,0,0,0,0,0,0,0,0,0,0,0,0,0,0,0,0,0,25663022
12,1,20,7,45,7,51,7,0,0,0,0,0,0,0,0,0,0,0,0,0,0,0,0,25664133
26,7,62,7,0,0,0,0,0,0,0,0,0,0,0,0,0,0,0,0,0,0,0,0,25664288
12,7,52,7,0,0,0,0,0,0,0,0,0,0,0,0,0,0,0,0,0,0,0,0,25664350
61,7,0,0,0,0,0,0,0,0,0,0,0,0,0,0,0,0,0,0,0,0,0,0,25664604
3,7,12,7,13,7,23,7,45,7,54,7,0,0,0,0,0,0,0,0,0,0,0,0,25665766
16,7,44,7,0,0,0,0,0,0,0,0,0,0,0,0,0,0,0,0,0,0,0,0,25665778
5,7,35,7,36,7,0,0,0,0,0,0,0,0,0,0,0,0,0,0,0,0,0,0,25665888
64,7,0,0,0,0,0,0,0,0,0,0,0,0,0,0,0,0,0,0,0,0,0,0,25666065
12,7,20,7,54,7,0,0,0,0,0,0,0,0,0,0,0,0,0,0,0,0,0,0,25666762
12,1,0,0,0,0,0,0,0,0,0,0,0,0,0,0,0,0,0,0,0,0,0,0,25668576
21,7,62,7,64,7,0,0,0,0,0,0,0,0,0,0,0,0,0,0,0,0,0,0,25670008
41,7,47,7,57,6,0,0,0,0,0,0,0,0,0,0,0,0,0,0,0,0,0,0,25670818
20,1,26,7,45,7,0,0,0,0,0,0,0,0,0,0,0,0,0,0,0,0,0,0,25670888
20,7,0,0,0,0,0,0,0,0,0,0,0,0,0,0,0,0,0,0,0,0,0,0,25671546
12,1,21,7,26,7,28,7,45,7,62,7,0,0,0,0,0,0,0,0,0,0,0,0,25672107
43,1,0,0,0,0,0,0,0,0,0,0,0,0,0,0,0,0,0,0,0,0,0,0,25672190
52,7,61,2,0,0,0,0,0,0,0,0,0,0,0,0,0,0,0,0,0,0,0,0,25672247
7,1,12,7,53,7,0,0,0,0,0,0,0,0,0,0,0,0,0,0,0,0,0,0,25672667
22,7,58,1,0,0,0,0,0,0,0,0,0,0,0,0,0,0,0,0,0,0,0,0,25673357
21,7,22,7,0,0,0,0,0,0,0,0,0,0,0,0,0,0,0,0,0,0,0,0,25673360
19,1,26,7,64,7,0,0,0,0,0,0,0,0,0,0,0,0,0,0,0,0,0,0,25673369
20,7,21,7,23,7,26,7,62,7,0,0,0,0,0,0,0,0,0,0,0,0,0,0,25673687
20,7,26,7,53,1,0,0,0,0,0,0,0,0,0,0,0,0,0,0,0,0,0,0,25673729
4,1,22,7,26,7,46,7,0,0,0,0,0,0,0,0,0,0,0,0,0,0,0,0,25674472
46,7,59,7,0,0,0,0,0,0,0,0,0,0,0,0,0,0,0,0,0,0,0,0,25674483
26,7,45,7,46,7,51,7,62,1,0,0,0,0,0,0,0,0,0,0,0,0,0,0,25674570
46,7,54,7,55,7,0,0,0,0,0,0,0,0,0,0,0,0,0,0,0,0,0,0,25674799
41,7,47,7,64,2,0,0,0,0,0,0,0,0,0,0,0,0,0,0,0,0,0,0,25675012
20,1,40,7,46,2,0,0,0,0,0,0,0,0,0,0,0,0,0,0,0,0,0,0,25675298
9,7,12,7,64,7,0,0,0,0,0,0,0,0,0,0,0,0,0,0,0,0,0,0,25675398
22,1,26,7,46,7,59,7,0,0,0,0,0,0,0,0,0,0,0,0,0,0,0,0,25675578
11,7,12,7,17,7,0,0,0,0,0,0,0,0,0,0,0,0,0,0,0,0,0,0,25675628
45,7,62,7,0,0,0,0,0,0,0,0,0,0,0,0,0,0,0,0,0,0,0,0,25675968
12,1,22,7,26,7,0,0,0,0,0,0,0,0,0,0,0,0,0,0,0,0,0,0,25677775
45,7,62,7,0,0,0,0,0,0,0,0,0,0,0,0,0,0,0,0,0,0,0,0,25677845
3,7,9,7,18,7,20,1,59,7,0,0,0,0,0,0,0,0,0,0,0,0,0,0,25678442
13,7,23,7,57,7,0,0,0,0,0,0,0,0,0,0,0,0,0,0,0,0,0,0,25679001
52,1,0,0,0,0,0,0,0,0,0,0,0,0,0,0,0,0,0,0,0,0,0,0,25679212
28,7,31,1,61,7,0,0,0,0,0,0,0,0,0,0,0,0,0,0,0,0,0,0,25679529
28,7,0,0,0,0,0,0,0,0,0,0,0,0,0,0,0,0,0,0,0,0,0,0,25679581
61,7,0,0,0,0,0,0,0,0,0,0,0,0,0,0,0,0,0,0,0,0,0,0,25679873
4,7,12,7,44,1,62,7,0,0,0,0,0,0,0,0,0,0,0,0,0,0,0,0,25681131
20,2,0,0,0,0,0,0,0,0,0,0,0,0,0,0,0,0,0,0,0,0,0,0,25681220
25,1,26,7,0,0,0,0,0,0,0,0,0,0,0,0,0,0,0,0,0,0,0,0,25681234
22,7,55,7,59,7,0,0,0,0,0,0,0,0,0,0,0,0,0,0,0,0,0,0,25681452
20,1,21,7,0,0,0,0,0,0,0,0,0,0,0,0,0,0,0,0,0,0,0,0,25682006
8,1,52,2,0,0,0,0,0,0,0,0,0,0,0,0,0,0,0,0,0,0,0,0,25682117
40,2,59,7,0,0,0,0,0,0,0,0,0,0,0,0,0,0,0,0,0,0,0,0,25682131
26,7,28,1,0,0,0,0,0,0,0,0,0,0,0,0,0,0,0,0,0,0,0,0,25684060
61,7,0,0,0,0,0,0,0,0,0,0,0,0,0,0,0,0,0,0,0,0,0,0,25684194
45,7,51,7,54,7,62,7,0,0,0,0,0,0,0,0,0,0,0,0,0,0,0,0,25684529
9,7,12,2,0,0,0,0,0,0,0,0,0,0,0,0,0,0,0,0,0,0,0,0,25684667
3,7,9,7,18,7,28,7,51,7,0,0,0,0,0,0,0,0,0,0,0,0,0,0,25684813
46,7,51,7,54,7,55,7,0,0,0,0,0,0,0,0,0,0,0,0,0,0,0,0,25685351
8,7,20,6,52,6,0,0,0,0,0,0,0,0,0,0,0,0,0,0,0,0,0,0,25685614
21,7,22,7,64,7,0,0,0,0,0,0,0,0,0,0,0,0,0,0,0,0,0,0,25686489
1,7,19,7,0,0,0,0,0,0,0,0,0,0,0,0,0,0,0,0,0,0,0,0,25686623
52,7,61,7,0,0,0,0,0,0,0,0,0,0,0,0,0,0,0,0,0,0,0,0,25687211
3,2,40,7,59,7,0,0,0,0,0,0,0,0,0,0,0,0,0,0,0,0,0,0,25687317
12,7,18,7,58,7,61,7,64,7,0,0,0,0,0,0,0,0,0,0,0,0,0,0,25687434
21,7,26,7,51,7,54,7,62,7,0,0,0,0,0,0,0,0,0,0,0,0,0,0,25687609
28,1,44,7,46,7,59,7,0,0,0,0,0,0,0,0,0,0,0,0,0,0,0,0,25687841
12,7,0,0,0,0,0,0,0,0,0,0,0,0,0,0,0,0,0,0,0,0,0,0,25688120
21,2,22,7,0,0,0,0,0,0,0,0,0,0,0,0,0,0,0,0,0,0,0,0,25688397
44,7,0,0,0,0,0,0,0,0,0,0,0,0,0,0,0,0,0,0,0,0,0,0,25689908
46,2,64,7,0,0,0,0,0,0,0,0,0,0,0,0,0,0,0,0,0,0,0,0,25689912
12,7,21,7,26,7,45,7,54,7,0,0,0,0,0,0,0,0,0,0,0,0,0,0,25691780
12,7,22,7,26,7,35,7,0,0,0,0,0,0,0,0,0,0,0,0,0,0,0,0,25692268
2,1,20,7,21,7,45,7,0,0,0,0,0,0,0,0,0,0,0,0,0,0,0,0,25692506
12,7,21,7,28,7,46,7,51,7,55,7,59,7,61,7,62,7,0,0,0,0,0,0,25692676
28,7,51,7,54,7,63,7,0,0,0,0,0,0,0,0,0,0,0,0,0,0,0,0,25693771
4,7,44,7,58,1,0,0,0,0,0,0,0,0,0,0,0,0,0,0,0,0,0,0,25694213
26,7,28,7,46,7,52,7,0,0,0,0,0,0,0,0,0,0,0,0,0,0,0,0,25694286
46,7,58,7,59,7,63,7,64,7,0,0,0,0,0,0,0,0,0,0,0,0,0,0,25694324
28,1,45,7,46,7,54,7,61,7,0,0,0,0,0,0,0,0,0,0,0,0,0,0,25695263
20,7,44,2,58,7,61,7,62,7,0,0,0,0,0,0,0,0,0,0,0,0,0,0,25696056
59,7,0,0,0,0,0,0,0,0,0,0,0,0,0,0,0,0,0,0,0,0,0,0,25696099
55,7,59,7,0,0,0,0,0,0,0,0,0,0,0,0,0,0,0,0,0,0,0,0,25696325
21,7,26,7,41,1,0,0,0,0,0,0,0,0,0,0,0,0,0,0,0,0,0,0,25696441
2,1,21,2,45,7,46,7,51,7,0,0,0,0,0,0,0,0,0,0,0,0,0,0,25696804
3,7,26,7,46,7,0,0,0,0,0,0,0,0,0,0,0,0,0,0,0,0,0,0,25697017
23,7,56,7,0,0,0,0,0,0,0,0,0,0,0,0,0,0,0,0,0,0,0,0,25697183
20,1,0,0,0,0,0,0,0,0,0,0,0,0,0,0,0,0,0,0,0,0,0,0,25697194
12,7,18,7,0,0,0,0,0,0,0,0,0,0,0,0,0,0,0,0,0,0,0,0,25697993
59,7,0,0,0,0,0,0,0,0,0,0,0,0,0,0,0,0,0,0,0,0,0,0,25698370
21,2,0,0,0,0,0,0,0,0,0,0,0,0,0,0,0,0,0,0,0,0,0,0,25698502
21,7,22,7,22,7,46,7,59,7,0,0,0,0,0,0,0,0,0,0,0,0,0,0,25716407
41,1,50,7,0,0,0,0,0,0,0,0,0,0,0,0,0,0,0,0,0,0,0,0,25719113
7,7,40,7,0,0,0,0,0,0,0,0,0,0,0,0,0,0,0,0,0,0,0,0,25719235
21,7,44,7,54,7,58,7,62,7,0,0,0,0,0,0,0,0,0,0,0,0,0,0,25719249
21,7,0,0,0,0,0,0,0,0,0,0,0,0,0,0,0,0,0,0,0,0,0,0,25719323
2,7,35,7,0,0,0,0,0,0,0,0,0,0,0,0,0,0,0,0,0,0,0,0,25719362
26,7,28,1,46,7,62,7,0,0,0,0,0,0,0,0,0,0,0,0,0,0,0,0,25719401
12,7,23,7,28,5,44,7,45,7,46,7,53,1,54,7,63,7,0,0,0,0,0,0,25720073
9,5,58,1,0,0,0,0,0,0,0,0,0,0,0,0,0,0,0,0,0,0,0,0,25720358
12,7,54,7,63,2,64,7,0,0,0,0,0,0,0,0,0,0,0,0,0,0,0,0,25720690
22,7,22,7,26,7,29,7,44,7,58,7,0,0,0,0,0,0,0,0,0,0,0,0,25720935
34,1,0,0,0,0,0,0,0,0,0,0,0,0,0,0,0,0,0,0,0,0,0,0,25722347
26,7,36,1,45,7,46,7,0,0,0,0,0,0,0,0,0,0,0,0,0,0,0,0,25723027
22,7,54,7,59,7,0,0,0,0,0,0,0,0,0,0,0,0,0,0,0,0,0,0,25723840
45,7,62,7,0,0,0,0,0,0,0,0,0,0,0,0,0,0,0,0,0,0,0,0,25723949
21,7,26,7,28,7,0,0,0,0,0,0,0,0,0,0,0,0,0,0,0,0,0,0,25724221
46,7,55,2,59,7,0,0,0,0,0,0,0,0,0,0,0,0,0,0,0,0,0,0,25725254
2,7,35,7,0,0,0,0,0,0,0,0,0,0,0,0,0,0,0,0,0,0,0,0,25726361
46,7,53,1,0,0,0,0,0,0,0,0,0,0,0,0,0,0,0,0,0,0,0,0,25726623
4,7,40,2,58,7,0,0,0,0,0,0,0,0,0,0,0,0,0,0,0,0,0,0,25727264
61,7,0,0,0,0,0,0,0,0,0,0,0,0,0,0,0,0,0,0,0,0,0,0,25727632
2,2,0,0,0,0,0,0,0,0,0,0,0,0,0,0,0,0,0,0,0,0,0,0,25727706
61,2,0,0,0,0,0,0,0,0,0,0,0,0,0,0,0,0,0,0,0,0,0,0,25728074
3,1,51,7,0,0,0,0,0,0,0,0,0,0,0,0,0,0,0,0,0,0,0,0,25728715
49,7,54,7,0,0,0,0,0,0,0,0,0,0,0,0,0,0,0,0,0,0,0,0,25729824
3,7,9,1,12,7,28,7,0,0,0,0,0,0,0,0,0,0,0,0,0,0,0,0,25730196
22,7,26,7,51,7,54,7,58,7,62,7,63,7,0,0,0,0,0,0,0,0,0,0,25730245
45,7,62,7,0,0,0,0,0,0,0,0,0,0,0,0,0,0,0,0,0,0,0,0,25730563
6,7,36,7,50,7,0,0,0,0,0,0,0,0,0,0,0,0,0,0,0,0,0,0,25730884
26,7,45,7,0,0,0,0,0,0,0,0,0,0,0,0,0,0,0,0,0,0,0,0,25731051
35,2,50,7,0,0,0,0,0,0,0,0,0,0,0,0,0,0,0,0,0,0,0,0,25731098
49,7,61,7,0,0,0,0,0,0,0,0,0,0,0,0,0,0,0,0,0,0,0,0,25731261
12,1,0,0,0,0,0,0,0,0,0,0,0,0,0,0,0,0,0,0,0,0,0,0,25731414
9,7,18,7,21,7,44,7,45,7,51,7,54,7,0,0,0,0,0,0,0,0,0,0,25731620
4,7,58,7,0,0,0,0,0,0,0,0,0,0,0,0,0,0,0,0,0,0,0,0,25731905
3,1,63,7,0,0,0,0,0,0,0,0,0,0,0,0,0,0,0,0,0,0,0,0,25732013
3,7,9,7,18,7,0,0,0,0,0,0,0,0,0,0,0,0,0,0,0,0,0,0,25733337
4,1,20,7,28,7,63,7,0,0,0,0,0,0,0,0,0,0,0,0,0,0,0,0,25733360
19,7,25,7,38,7,41,7,0,0,0,0,0,0,0,0,0,0,0,0,0,0,0,0,25733597
21,7,26,7,45,7,51,7,54,7,62,7,64,7,0,0,0,0,0,0,0,0,0,0,25733791
22,7,46,7,61,7,0,0,0,0,0,0,0,0,0,0,0,0,0,0,0,0,0,0,25761830
20,7,21,7,0,0,0,0,0,0,0,0,0,0,0,0,0,0,0,0,0,0,0,0,25768909
25,7,35,7,38,1,0,0,0,0,0,0,0,0,0,0,0,0,0,0,0,0,0,0,25770121
9,7,10,7,12,7,54,7,58,1,0,0,0,0,0,0,0,0,0,0,0,0,0,0,25771126
25,7,35,7,38,1,0,0,0,0,0,0,0,0,0,0,0,0,0,0,0,0,0,0,25772092
12,7,52,1,59,7,0,0,0,0,0,0,0,0,0,0,0,0,0,0,0,0,0,0,25773313
2,6,3,7,58,7,0,0,0,0,0,0,0,0,0,0,0,0,0,0,0,0,0,0,25773844
34,7,35,2,42,7,0,0,0,0,0,0,0,0,0,0,0,0,0,0,0,0,0,0,25774454
9,7,26,7,28,7,64,7,0,0,0,0,0,0,0,0,0,0,0,0,0,0,0,0,25775643
62,7,0,0,0,0,0,0,0,0,0,0,0,0,0,0,0,0,0,0,0,0,0,0,25775927
52,2,61,7,0,0,0,0,0,0,0,0,0,0,0,0,0,0,0,0,0,0,0,0,25776858
29,1,54,7,0,0,0,0,0,0,0,0,0,0,0,0,0,0,0,0,0,0,0,0,25777049
9,7,46,7,59,7,0,0,0,0,0,0,0,0,0,0,0,0,0,0,0,0,0,0,25777711
54,7,0,0,0,0,0,0,0,0,0,0,0,0,0,0,0,0,0,0,0,0,0,0,25779485
3,7,9,7,12,7,18,7,0,0,0,0,0,0,0,0,0,0,0,0,0,0,0,0,25779815
52,2,61,7,0,0,0,0,0,0,0,0,0,0,0,0,0,0,0,0,0,0,0,0,25781166
11,7,21,7,22,7,26,7,44,7,0,0,0,0,0,0,0,0,0,0,0,0,0,0,25781319
4,6,12,7,0,0,0,0,0,0,0,0,0,0,0,0,0,0,0,0,0,0,0,0,25781366
20,7,21,7,29,7,0,0,0,0,0,0,0,0,0,0,0,0,0,0,0,0,0,0,25781846
15,7,33,7,55,7,0,0,0,0,0,0,0,0,0,0,0,0,0,0,0,0,0,0,25781862
3,7,4,7,0,0,0,0,0,0,0,0,0,0,0,0,0,0,0,0,0,0,0,0,25805111
21,1,45,7,0,0,0,0,0,0,0,0,0,0,0,0,0,0,0,0,0,0,0,0,25845995
45,7,49,7,62,7,65,2,0,0,0,0,0,0,0,0,0,0,0,0,0,0,0,0,25847615
21,7,26,7,45,7,62,7,0,0,0,0,0,0,0,0,0,0,0,0,0,0,0,0,25856215
12,7,20,2,42,7,0,0,0,0,0,0,0,0,0,0,0,0,0,0,0,0,0,0,25876027
12,7,20,1,0,0,0,0,0,0,0,0,0,0,0,0,0,0,0,0,0,0,0,0,25877361
18,7,44,7,54,7,0,0,0,0,0,0,0,0,0,0,0,0,0,0,0,0,0,0,25878552
45,7,46,7,62,7,0,0,0,0,0,0,0,0,0,0,0,0,0,0,0,0,0,0,25878732
44,7,54,7,58,7,64,7,0,0,0,0,0,0,0,0,0,0,0,0,0,0,0,0,25878967
51,7,54,2,0,0,0,0,0,0,0,0,0,0,0,0,0,0,0,0,0,0,0,0,25879637
23,7,44,7,0,0,0,0,0,0,0,0,0,0,0,0,0,0,0,0,0,0,0,0,25879825
25,7,0,0,0,0,0,0,0,0,0,0,0,0,0,0,0,0,0,0,0,0,0,0,25880114
28,1,45,7,0,0,0,0,0,0,0,0,0,0,0,0,0,0,0,0,0,0,0,0,25880329
46,7,54,2,0,0,0,0,0,0,0,0,0,0,0,0,0,0,0,0,0,0,0,0,25881042
9,7,12,2,20,7,21,7,45,7,62,7,0,0,0,0,0,0,0,0,0,0,0,0,25881044
12,7,28,7,0,0,0,0,0,0,0,0,0,0,0,0,0,0,0,0,0,0,0,0,25881565
3,7,12,7,61,7,0,0,0,0,0,0,0,0,0,0,0,0,0,0,0,0,0,0,25882264
9,7,26,7,28,1,51,7,62,7,0,0,0,0,0,0,0,0,0,0,0,0,0,0,25882647
3,7,21,7,26,7,64,7,0,0,0,0,0,0,0,0,0,0,0,0,0,0,0,0,25883072
17,1,45,5,0,0,0,0,0,0,0,0,0,0,0,0,0,0,0,0,0,0,0,0,25884625
13,1,20,7,54,7,61,7,0,0,0,0,0,0,0,0,0,0,0,0,0,0,0,0,25885670
6,1,20,7,0,0,0,0,0,0,0,0,0,0,0,0,0,0,0,0,0,0,0,0,25887709
45,7,0,0,0,0,0,0,0,0,0,0,0,0,0,0,0,0,0,0,0,0,0,0,25888630
51,7,54,7,0,0,0,0,0,0,0,0,0,0,0,0,0,0,0,0,0,0,0,0,25888683
37,7,55,7,58,7,64,7,0,0,0,0,0,0,0,0,0,0,0,0,0,0,0,0,25888959
20,7,0,0,0,0,0,0,0,0,0,0,0,0,0,0,0,0,0,0,0,0,0,0,25889406
21,7,28,1,45,7,62,7,0,0,0,0,0,0,0,0,0,0,0,0,0,0,0,0,25889777
4,7,20,1,43,7,58,7,0,0,0,0,0,0,0,0,0,0,0,0,0,0,0,0,25890034
3,7,9,7,22,7,54,7,59,7,0,0,0,0,0,0,0,0,0,0,0,0,0,0,25890161
2,7,0,0,0,0,0,0,0,0,0,0,0,0,0,0,0,0,0,0,0,0,0,0,25891890
22,7,25,1,62,7,0,0,0,0,0,0,0,0,0,0,0,0,0,0,0,0,0,0,25892321
20,2,0,0,0,0,0,0,0,0,0,0,0,0,0,0,0,0,0,0,0,0,0,0,25892919
39,1,50,7,57,7,60,7,0,0,0,0,0,0,0,0,0,0,0,0,0,0,0,0,25893129
21,7,54,7,61,7,62,7,0,0,0,0,0,0,0,0,0,0,0,0,0,0,0,0,25893324
18,1,46,7,0,0,0,0,0,0,0,0,0,0,0,0,0,0,0,0,0,0,0,0,25893797
7,1,12,7,22,7,54,7,0,0,0,0,0,0,0,0,0,0,0,0,0,0,0,0,25893811
20,1,0,0,0,0,0,0,0,0,0,0,0,0,0,0,0,0,0,0,0,0,0,0,25894052
44,7,58,7,62,7,0,0,0,0,0,0,0,0,0,0,0,0,0,0,0,0,0,0,25894397
3,7,54,7,0,0,0,0,0,0,0,0,0,0,0,0,0,0,0,0,0,0,0,0,25894518
4,7,12,7,51,7,0,0,0,0,0,0,0,0,0,0,0,0,0,0,0,0,0,0,25895146
2,7,20,7,29,7,35,1,0,0,0,0,0,0,0,0,0,0,0,0,0,0,0,0,25896410
52,7,61,7,0,0,0,0,0,0,0,0,0,0,0,0,0,0,0,0,0,0,0,0,25896525
11,7,20,7,58,7,63,7,0,0,0,0,0,0,0,0,0,0,0,0,0,0,0,0,25898332
11,7,12,7,25,7,28,7,44,7,58,7,0,0,0,0,0,0,0,0,0,0,0,0,25899709
1,7,2,7,19,7,25,7,38,7,60,1,61,7,0,0,0,0,0,0,0,0,0,0,25900143
44,7,58,7,0,0,0,0,0,0,0,0,0,0,0,0,0,0,0,0,0,0,0,0,25900181
3,7,22,7,37,7,55,7,58,7,0,0,0,0,0,0,0,0,0,0,0,0,0,0,25903456
12,1,61,2,0,0,0,0,0,0,0,0,0,0,0,0,0,0,0,0,0,0,0,0,25904736
35,7,44,7,51,7,54,7,58,7,59,7,0,0,0,0,0,0,0,0,0,0,0,0,25904971
8,1,12,7,61,7,0,0,0,0,0,0,0,0,0,0,0,0,0,0,0,0,0,0,25904994
12,7,26,7,64,7,0,0,0,0,0,0,0,0,0,0,0,0,0,0,0,0,0,0,25907045
12,7,20,7,26,7,44,7,0,0,0,0,0,0,0,0,0,0,0,0,0,0,0,0,25907254
18,7,44,1,61,7,0,0,0,0,0,0,0,0,0,0,0,0,0,0,0,0,0,0,25908374
26,7,33,7,44,7,0,0,0,0,0,0,0,0,0,0,0,0,0,0,0,0,0,0,25911205
20,7,27,7,61,7,63,7,64,7,0,0,0,0,0,0,0,0,0,0,0,0,0,0,25911579
18,1,51,7,54,7,0,0,0,0,0,0,0,0,0,0,0,0,0,0,0,0,0,0,25912106
18,7,44,7,59,2,0,0,0,0,0,0,0,0,0,0,0,0,0,0,0,0,0,0,25912841
20,1,0,0,0,0,0,0,0,0,0,0,0,0,0,0,0,0,0,0,0,0,0,0,25912998
6,7,50,7,0,0,0,0,0,0,0,0,0,0,0,0,0,0,0,0,0,0,0,0,25914597
15,7,16,1,0,0,0,0,0,0,0,0,0,0,0,0,0,0,0,0,0,0,0,0,25915028
21,7,45,7,0,0,0,0,0,0,0,0,0,0,0,0,0,0,0,0,0,0,0,0,25917210
23,7,50,6,0,0,0,0,0,0,0,0,0,0,0,0,0,0,0,0,0,0,0,0,25918210
20,7,26,7,58,7,62,7,0,0,0,0,0,0,0,0,0,0,0,0,0,0,0,0,25918552
26,7,28,7,0,0,0,0,0,0,0,0,0,0,0,0,0,0,0,0,0,0,0,0,25920653
3,2,59,7,0,0,0,0,0,0,0,0,0,0,0,0,0,0,0,0,0,0,0,0,25921060
26,7,28,1,44,7,54,7,0,0,0,0,0,0,0,0,0,0,0,0,0,0,0,0,25921324
46,7,55,7,0,0,0,0,0,0,0,0,0,0,0,0,0,0,0,0,0,0,0,0,25923045
13,7,41,7,0,0,0,0,0,0,0,0,0,0,0,0,0,0,0,0,0,0,0,0,25923303
12,7,18,7,46,7,64,7,0,0,0,0,0,0,0,0,0,0,0,0,0,0,0,0,25923814
21,7,45,7,62,2,0,0,0,0,0,0,0,0,0,0,0,0,0,0,0,0,0,0,25927093
3,7,12,7,18,7,20,7,28,7,52,7,61,7,62,7,0,0,0,0,0,0,0,0,25927919
45,7,51,7,0,0,0,0,0,0,0,0,0,0,0,0,0,0,0,0,0,0,0,0,25928085
54,7,61,7,0,0,0,0,0,0,0,0,0,0,0,0,0,0,0,0,0,0,0,0,25930720
26,7,0,0,0,0,0,0,0,0,0,0,0,0,0,0,0,0,0,0,0,0,0,0,25930894
10,7,52,7,0,0,0,0,0,0,0,0,0,0,0,0,0,0,0,0,0,0,0,0,25931061
12,7,52,7,61,7,0,0,0,0,0,0,0,0,0,0,0,0,0,0,0,0,0,0,25931410
22,7,44,7,52,7,0,0,0,0,0,0,0,0,0,0,0,0,0,0,0,0,0,0,25933519
12,1,28,7,0,0,0,0,0,0,0,0,0,0,0,0,0,0,0,0,0,0,0,0,25934236
21,7,22,7,26,7,45,7,46,7,51,7,54,7,63,7,64,7,0,0,0,0,0,0,25935026
12,7,23,7,0,0,0,0,0,0,0,0,0,0,0,0,0,0,0,0,0,0,0,0,25935748
24,7,52,7,0,0,0,0,0,0,0,0,0,0,0,0,0,0,0,0,0,0,0,0,25935963
46,7,65,7,0,0,0,0,0,0,0,0,0,0,0,0,0,0,0,0,0,0,0,0,25936591
4,7,46,7,59,7,0,0,0,0,0,0,0,0,0,0,0,0,0,0,0,0,0,0,25937937
27,1,52,7,0,0,0,0,0,0,0,0,0,0,0,0,0,0,0,0,0,0,0,0,25939541
45,7,46,7,51,7,62,7,0,0,0,0,0,0,0,0,0,0,0,0,0,0,0,0,25940010
54,7,59,2,0,0,0,0,0,0,0,0,0,0,0,0,0,0,0,0,0,0,0,0,25942058
8,7,12,7,24,7,61,7,0,0,0,0,0,0,0,0,0,0,0,0,0,0,0,0,25943261
20,7,46,7,54,7,58,7,59,7,62,7,0,0,0,0,0,0,0,0,0,0,0,0,25943426
20,7,42,1,0,0,0,0,0,0,0,0,0,0,0,0,0,0,0,0,0,0,0,0,25945774
55,7,58,7,62,7,64,7,0,0,0,0,0,0,0,0,0,0,0,0,0,0,0,0,25946974
16,7,18,7,33,7,53,7,0,0,0,0,0,0,0,0,0,0,0,0,0,0,0,0,25947820
61,2,0,0,0,0,0,0,0,0,0,0,0,0,0,0,0,0,0,0,0,0,0,0,25948516
4,7,65,7,0,0,0,0,0,0,0,0,0,0,0,0,0,0,0,0,0,0,0,0,25948789
40,7,44,7,58,7,0,0,0,0,0,0,0,0,0,0,0,0,0,0,0,0,0,0,25949619
11,7,12,7,17,7,37,7,64,7,0,0,0,0,0,0,0,0,0,0,0,0,0,0,25949766
52,7,61,2,0,0,0,0,0,0,0,0,0,0,0,0,0,0,0,0,0,0,0,0,25950491
21,7,29,6,44,1,0,0,0,0,0,0,0,0,0,0,0,0,0,0,0,0,0,0,25950581
21,7,29,7,0,0,0,0,0,0,0,0,0,0,0,0,0,0,0,0,0,0,0,0,25951544
4,7,9,7,12,7,18,7,45,7,62,7,0,0,0,0,0,0,0,0,0,0,0,0,25952198
20,1,21,7,0,0,0,0,0,0,0,0,0,0,0,0,0,0,0,0,0,0,0,0,25954314
45,7,58,1,62,7,0,0,0,0,0,0,0,0,0,0,0,0,0,0,0,0,0,0,25955553
12,7,14,1,54,7,61,7,0,0,0,0,0,0,0,0,0,0,0,0,0,0,0,0,25956036
46,7,65,7,0,0,0,0,0,0,0,0,0,0,0,0,0,0,0,0,0,0,0,0,25956491
45,7,51,7,54,7,62,7,0,0,0,0,0,0,0,0,0,0,0,0,0,0,0,0,25957310
61,7,0,0,0,0,0,0,0,0,0,0,0,0,0,0,0,0,0,0,0,0,0,0,25959031
22,7,28,7,45,7,46,7,54,7,62,7,0,0,0,0,0,0,0,0,0,0,0,0,25959155
4,7,9,7,12,7,14,1,18,7,0,0,0,0,0,0,0,0,0,0,0,0,0,0,25960729
61,7,0,0,0,0,0,0,0,0,0,0,0,0,0,0,0,0,0,0,0,0,0,0,25966029
55,7,59,7,0,0,0,0,0,0,0,0,0,0,0,0,0,0,0,0,0,0,0,0,25983909
23,7,50,7,0,0,0,0,0,0,0,0,0,0,0,0,0,0,0,0,0,0,0,0,25985263
22,7,26,7,58,2,0,0,0,0,0,0,0,0,0,0,0,0,0,0,0,0,0,0,25985506
20,1,44,7,58,7,0,0,0,0,0,0,0,0,0,0,0,0,0,0,0,0,0,0,25985893
45,7,58,1,62,7,0,0,0,0,0,0,0,0,0,0,0,0,0,0,0,0,0,0,25986685
8,7,45,7,61,7,0,0,0,0,0,0,0,0,0,0,0,0,0,0,0,0,0,0,25986768
3,1,44,7,58,7,63,7,64,7,0,0,0,0,0,0,0,0,0,0,0,0,0,0,25986773
44,7,58,7,0,0,0,0,0,0,0,0,0,0,0,0,0,0,0,0,0,0,0,0,25986798
33,7,58,7,0,0,0,0,0,0,0,0,0,0,0,0,0,0,0,0,0,0,0,0,25987045
2,1,0,0,0,0,0,0,0,0,0,0,0,0,0,0,0,0,0,0,0,0,0,0,25987392
16,7,59,7,65,7,0,0,0,0,0,0,0,0,0,0,0,0,0,0,0,0,0,0,25987522
8,7,52,7,61,7,0,0,0,0,0,0,0,0,0,0,0,0,0,0,0,0,0,0,25987796
13,7,29,7,38,2,0,0,0,0,0,0,0,0,0,0,0,0,0,0,0,0,0,0,25988702
40,2,52,7,0,0,0,0,0,0,0,0,0,0,0,0,0,0,0,0,0,0,0,0,25988836
58,2,0,0,0,0,0,0,0,0,0,0,0,0,0,0,0,0,0,0,0,0,0,0,25989303
11,7,12,7,20,7,0,0,0,0,0,0,0,0,0,0,0,0,0,0,0,0,0,0,25989416
20,7,56,6,0,0,0,0,0,0,0,0,0,0,0,0,0,0,0,0,0,0,0,0,25989866
48,7,50,7,0,0,0,0,0,0,0,0,0,0,0,0,0,0,0,0,0,0,0,0,25989941
50,7,60,7,0,0,0,0,0,0,0,0,0,0,0,0,0,0,0,0,0,0,0,0,25990061
1,7,2,7,12,7,20,7,0,0,0,0,0,0,0,0,0,0,0,0,0,0,0,0,25990263
12,7,20,2,0,0,0,0,0,0,0,0,0,0,0,0,0,0,0,0,0,0,0,0,25990437
21,7,28,7,62,7,64,7,0,0,0,0,0,0,0,0,0,0,0,0,0,0,0,0,25990700
2,1,22,7,26,7,42,7,46,7,59,7,63,7,0,0,0,0,0,0,0,0,0,0,25990714
4,7,54,7,63,7,0,0,0,0,0,0,0,0,0,0,0,0,0,0,0,0,0,0,25990826
3,7,9,6,18,7,0,0,0,0,0,0,0,0,0,0,0,0,0,0,0,0,0,0,25991642
38,7,58,7,0,0,0,0,0,0,0,0,0,0,0,0,0,0,0,0,0,0,0,0,25991844
44,7,58,7,0,0,0,0,0,0,0,0,0,0,0,0,0,0,0,0,0,0,0,0,25991891
13,1,18,7,54,7,63,7,0,0,0,0,0,0,0,0,0,0,0,0,0,0,0,0,25991998
46,7,59,7,0,0,0,0,0,0,0,0,0,0,0,0,0,0,0,0,0,0,0,0,25992212
5,1,44,7,58,7,0,0,0,0,0,0,0,0,0,0,0,0,0,0,0,0,0,0,25992261
61,2,0,0,0,0,0,0,0,0,0,0,0,0,0,0,0,0,0,0,0,0,0,0,25993297
29,7,38,7,61,7,64,7,0,0,0,0,0,0,0,0,0,0,0,0,0,0,0,0,25993344
54,7,64,7,0,0,0,0,0,0,0,0,0,0,0,0,0,0,0,0,0,0,0,0,25993347
26,7,54,7,61,7,0,0,0,0,0,0,0,0,0,0,0,0,0,0,0,0,0,0,25994164
40,7,0,0,0,0,0,0,0,0,0,0,0,0,0,0,0,0,0,0,0,0,0,0,25994447
20,7,26,7,28,7,0,0,0,0,0,0,0,0,0,0,0,0,0,0,0,0,0,0,25994734
12,7,20,1,61,7,0,0,0,0,0,0,0,0,0,0,0,0,0,0,0,0,0,0,25994850
44,7,54,7,58,7,0,0,0,0,0,0,0,0,0,0,0,0,0,0,0,0,0,0,25994930
50,7,61,2,0,0,0,0,0,0,0,0,0,0,0,0,0,0,0,0,0,0,0,0,25995459
2,7,20,7,38,7,0,0,0,0,0,0,0,0,0,0,0,0,0,0,0,0,0,0,25996102
54,7,55,2,59,7,0,0,0,0,0,0,0,0,0,0,0,0,0,0,0,0,0,0,25996987
8,7,24,7,52,7,61,7,0,0,0,0,0,0,0,0,0,0,0,0,0,0,0,0,25997028
22,2,0,0,0,0,0,0,0,0,0,0,0,0,0,0,0,0,0,0,0,0,0,0,25997137
21,7,35,7,62,7,64,7,0,0,0,0,0,0,0,0,0,0,0,0,0,0,0,0,25997585
61,2,0,0,0,0,0,0,0,0,0,0,0,0,0,0,0,0,0,0,0,0,0,0,25997817
6,7,34,7,0,0,0,0,0,0,0,0,0,0,0,0,0,0,0,0,0,0,0,0,25998350
9,7,12,7,0,0,0,0,0,0,0,0,0,0,0,0,0,0,0,0,0,0,0,0,25998745
4,7,7,7,16,7,18,7,58,7,0,0,0,0,0,0,0,0,0,0,0,0,0,0,25998764
22,7,26,7,46,7,54,7,55,7,64,7,0,0,0,0,0,0,0,0,0,0,0,0,26000456
3,7,40,1,44,7,54,7,0,0,0,0,0,0,0,0,0,0,0,0,0,0,0,0,26000701
4,2,58,7,0,0,0,0,0,0,0,0,0,0,0,0,0,0,0,0,0,0,0,0,26001143
35,7,40,7,0,0,0,0,0,0,0,0,0,0,0,0,0,0,0,0,0,0,0,0,26001264
12,2,22,7,22,7,28,7,38,7,52,7,0,0,0,0,0,0,0,0,0,0,0,0,26001364
13,2,23,7,0,0,0,0,0,0,0,0,0,0,0,0,0,0,0,0,0,0,0,0,26001406
20,7,50,2,0,0,0,0,0,0,0,0,0,0,0,0,0,0,0,0,0,0,0,0,26001809
4,7,9,7,0,0,0,0,0,0,0,0,0,0,0,0,0,0,0,0,0,0,0,0,26002377
36,7,50,7,57,7,0,0,0,0,0,0,0,0,0,0,0,0,0,0,0,0,0,0,26005120
21,7,35,7,45,7,46,7,54,7,0,0,0,0,0,0,0,0,0,0,0,0,0,0,26006103
2,7,24,1,29,7,0,0,0,0,0,0,0,0,0,0,0,0,0,0,0,0,0,0,26006490
18,6,28,7,64,7,0,0,0,0,0,0,0,0,0,0,0,0,0,0,0,0,0,0,26007183
22,7,22,7,26,7,0,0,0,0,0,0,0,0,0,0,0,0,0,0,0,0,0,0,26007399
10,7,17,7,0,0,0,0,0,0,0,0,0,0,0,0,0,0,0,0,0,0,0,0,26007658
7,1,26,7,44,7,59,7,0,0,0,0,0,0,0,0,0,0,0,0,0,0,0,0,26007713
15,7,40,2,53,7,0,0,0,0,0,0,0,0,0,0,0,0,0,0,0,0,0,0,26008155
3,7,18,7,54,2,0,0,0,0,0,0,0,0,0,0,0,0,0,0,0,0,0,0,26008397
40,2,0,0,0,0,0,0,0,0,0,0,0,0,0,0,0,0,0,0,0,0,0,0,26008725
52,7,61,7,0,0,0,0,0,0,0,0,0,0,0,0,0,0,0,0,0,0,0,0,26008726
22,1,46,7,54,7,59,7,0,0,0,0,0,0,0,0,0,0,0,0,0,0,0,0,26009163
13,7,22,7,57,7,64,7,0,0,0,0,0,0,0,0,0,0,0,0,0,0,0,0,26009943
20,7,50,2,0,0,0,0,0,0,0,0,0,0,0,0,0,0,0,0,0,0,0,0,26010266
20,1,0,0,0,0,0,0,0,0,0,0,0,0,0,0,0,0,0,0,0,0,0,0,26010320
20,7,26,7,54,7,0,0,0,0,0,0,0,0,0,0,0,0,0,0,0,0,0,0,26010426
23,7,56,7,0,0,0,0,0,0,0,0,0,0,0,0,0,0,0,0,0,0,0,0,26010461
46,7,0,0,0,0,0,0,0,0,0,0,0,0,0,0,0,0,0,0,0,0,0,0,26010705
39,7,50,7,56,7,0,0,0,0,0,0,0,0,0,0,0,0,0,0,0,0,0,0,26011019
22,7,65,7,0,0,0,0,0,0,0,0,0,0,0,0,0,0,0,0,0,0,0,0,26011155
22,7,65,2,0,0,0,0,0,0,0,0,0,0,0,0,0,0,0,0,0,0,0,0,26011324
22,2,25,7,0,0,0,0,0,0,0,0,0,0,0,0,0,0,0,0,0,0,0,0,26011381
12,7,20,1,0,0,0,0,0,0,0,0,0,0,0,0,0,0,0,0,0,0,0,0,26013280
58,7,65,7,0,0,0,0,0,0,0,0,0,0,0,0,0,0,0,0,0,0,0,0,26013541
44,7,63,2,0,0,0,0,0,0,0,0,0,0,0,0,0,0,0,0,0,0,0,0,26014085
3,7,9,7,18,7,20,7,0,0,0,0,0,0,0,0,0,0,0,0,0,0,0,0,26014617
28,1,61,7,0,0,0,0,0,0,0,0,0,0,0,0,0,0,0,0,0,0,0,0,26015558
22,7,22,7,53,1,0,0,0,0,0,0,0,0,0,0,0,0,0,0,0,0,0,0,26015745
61,7,0,0,0,0,0,0,0,0,0,0,0,0,0,0,0,0,0,0,0,0,0,0,26016092
3,7,16,1,0,0,0,0,0,0,0,0,0,0,0,0,0,0,0,0,0,0,0,0,26016288
4,7,12,7,22,2,0,0,0,0,0,0,0,0,0,0,0,0,0,0,0,0,0,0,26019172
46,7,59,2,0,0,0,0,0,0,0,0,0,0,0,0,0,0,0,0,0,0,0,0,26019239
2,7,59,2,0,0,0,0,0,0,0,0,0,0,0,0,0,0,0,0,0,0,0,0,26019913
4,7,46,7,54,7,0,0,0,0,0,0,0,0,0,0,0,0,0,0,0,0,0,0,26019934
25,7,34,7,50,7,0,0,0,0,0,0,0,0,0,0,0,0,0,0,0,0,0,0,26020025
32,2,50,7,57,7,0,0,0,0,0,0,0,0,0,0,0,0,0,0,0,0,0,0,26020453
8,7,52,7,61,7,0,0,0,0,0,0,0,0,0,0,0,0,0,0,0,0,0,0,26021221
12,7,52,7,61,7,0,0,0,0,0,0,0,0,0,0,0,0,0,0,0,0,0,0,26022386
59,7,0,0,0,0,0,0,0,0,0,0,0,0,0,0,0,0,0,0,0,0,0,0,26023797
14,7,57,7,0,0,0,0,0,0,0,0,0,0,0,0,0,0,0,0,0,0,0,0,26024235
50,7,57,7,60,7,0,0,0,0,0,0,0,0,0,0,0,0,0,0,0,0,0,0,26024282
3,2,54,7,59,7,0,0,0,0,0,0,0,0,0,0,0,0,0,0,0,0,0,0,26024482
21,7,0,0,0,0,0,0,0,0,0,0,0,0,0,0,0,0,0,0,0,0,0,0,26025056
50,7,57,7,60,7,0,0,0,0,0,0,0,0,0,0,0,0,0,0,0,0,0,0,26027945
21,7,25,7,45,1,46,7,0,0,0,0,0,0,0,0,0,0,0,0,0,0,0,0,26029517
8,1,52,2,61,7,0,0,0,0,0,0,0,0,0,0,0,0,0,0,0,0,0,0,26030167
36,1,0,0,0,0,0,0,0,0,0,0,0,0,0,0,0,0,0,0,0,0,0,0,26030646
44,7,51,7,0,0,0,0,0,0,0,0,0,0,0,0,0,0,0,0,0,0,0,0,26031206
46,7,59,2,0,0,0,0,0,0,0,0,0,0,0,0,0,0,0,0,0,0,0,0,26034561
3,7,46,7,54,7,59,7,0,0,0,0,0,0,0,0,0,0,0,0,0,0,0,0,26035552
65,7,0,0,0,0,0,0,0,0,0,0,0,0,0,0,0,0,0,0,0,0,0,0,26037403
13,1,21,7,23,7,0,0,0,0,0,0,0,0,0,0,0,0,0,0,0,0,0,0,26038724
53,1,59,7,0,0,0,0,0,0,0,0,0,0,0,0,0,0,0,0,0,0,0,0,26039366
22,2,46,7,0,0,0,0,0,0,0,0,0,0,0,0,0,0,0,0,0,0,0,0,26039759
44,7,50,7,0,0,0,0,0,0,0,0,0,0,0,0,0,0,0,0,0,0,0,0,26040102
65,7,0,0,0,0,0,0,0,0,0,0,0,0,0,0,0,0,0,0,0,0,0,0,26040809
55,2,57,1,0,0,0,0,0,0,0,0,0,0,0,0,0,0,0,0,0,0,0,0,26042634
26,1,0,0,0,0,0,0,0,0,0,0,0,0,0,0,0,0,0,0,0,0,0,0,26043048
26,7,61,7,0,0,0,0,0,0,0,0,0,0,0,0,0,0,0,0,0,0,0,0,26044439
20,7,28,7,0,0,0,0,0,0,0,0,0,0,0,0,0,0,0,0,0,0,0,0,26045158
21,7,26,7,45,7,0,0,0,0,0,0,0,0,0,0,0,0,0,0,0,0,0,0,26046104
19,7,21,7,54,7,58,7,0,0,0,0,0,0,0,0,0,0,0,0,0,0,0,0,26048659
44,1,54,7,0,0,0,0,0,0,0,0,0,0,0,0,0,0,0,0,0,0,0,0,26055217
21,7,22,7,26,7,41,1,0,0,0,0,0,0,0,0,0,0,0,0,0,0,0,0,26060868
46,7,55,1,0,0,0,0,0,0,0,0,0,0,0,0,0,0,0,0,0,0,0,0,26065502
9,7,18,7,61,2,0,0,0,0,0,0,0,0,0,0,0,0,0,0,0,0,0,0,26081039
23,7,41,1,0,0,0,0,0,0,0,0,0,0,0,0,0,0,0,0,0,0,0,0,26091008
22,7,46,7,61,2,0,0,0,0,0,0,0,0,0,0,0,0,0,0,0,0,0,0,26091564
9,7,18,7,45,7,61,7,0,0,0,0,0,0,0,0,0,0,0,0,0,0,0,0,26091609
2,7,8,7,14,7,49,7,0,0,0,0,0,0,0,0,0,0,0,0,0,0,0,0,26091732
61,2,0,0,0,0,0,0,0,0,0,0,0,0,0,0,0,0,0,0,0,0,0,0,26091983
1,1,6,7,13,7,0,0,0,0,0,0,0,0,0,0,0,0,0,0,0,0,0,0,26092273
45,7,46,7,51,7,0,0,0,0,0,0,0,0,0,0,0,0,0,0,0,0,0,0,26092279
22,7,59,2,0,0,0,0,0,0,0,0,0,0,0,0,0,0,0,0,0,0,0,0,26092400
26,2,0,0,0,0,0,0,0,0,0,0,0,0,0,0,0,0,0,0,0,0,0,0,26092414
26,7,51,7,61,2,0,0,0,0,0,0,0,0,0,0,0,0,0,0,0,0,0,0,26105996
62,7,64,7,0,0,0,0,0,0,0,0,0,0,0,0,0,0,0,0,0,0,0,0,26106146
20,7,26,7,29,7,0,0,0,0,0,0,0,0,0,0,0,0,0,0,0,0,0,0,26106543
28,7,52,7,54,7,0,0,0,0,0,0,0,0,0,0,0,0,0,0,0,0,0,0,26106645
45,7,51,7,62,7,0,0,0,0,0,0,0,0,0,0,0,0,0,0,0,0,0,0,26106835
29,1,45,7,62,7,0,0,0,0,0,0,0,0,0,0,0,0,0,0,0,0,0,0,26107003
62,7,0,0,0,0,0,0,0,0,0,0,0,0,0,0,0,0,0,0,0,0,0,0,26108045
21,2,62,7,0,0,0,0,0,0,0,0,0,0,0,0,0,0,0,0,0,0,0,0,26108310
52,7,61,7,0,0,0,0,0,0,0,0,0,0,0,0,0,0,0,0,0,0,0,0,26108649
12,7,18,7,26,7,28,7,54,7,0,0,0,0,0,0,0,0,0,0,0,0,0,0,26108783
21,7,22,7,22,7,26,7,46,7,51,7,54,7,62,7,0,0,0,0,0,0,0,0,26109162
16,7,53,7,0,0,0,0,0,0,0,0,0,0,0,0,0,0,0,0,0,0,0,0,26109407
51,7,54,7,65,7,0,0,0,0,0,0,0,0,0,0,0,0,0,0,0,0,0,0,26109478
20,2,22,7,50,7,0,0,0,0,0,0,0,0,0,0,0,0,0,0,0,0,0,0,26109928
14,1,20,7,44,7,0,0,0,0,0,0,0,0,0,0,0,0,0,0,0,0,0,0,26110570
50,7,60,7,0,0,0,0,0,0,0,0,0,0,0,0,0,0,0,0,0,0,0,0,26110826
9,7,59,7,0,0,0,0,0,0,0,0,0,0,0,0,0,0,0,0,0,0,0,0,26111388
12,7,45,7,0,0,0,0,0,0,0,0,0,0,0,0,0,0,0,0,0,0,0,0,26111477
56,2,57,2,0,0,0,0,0,0,0,0,0,0,0,0,0,0,0,0,0,0,0,0,26111641
61,7,0,0,0,0,0,0,0,0,0,0,0,0,0,0,0,0,0,0,0,0,0,0,26111755
34,7,50,7,0,0,0,0,0,0,0,0,0,0,0,0,0,0,0,0,0,0,0,0,26111963
21,7,26,7,54,7,0,0,0,0,0,0,0,0,0,0,0,0,0,0,0,0,0,0,26112193
3,2,9,7,12,7,0,0,0,0,0,0,0,0,0,0,0,0,0,0,0,0,0,0,26112549
28,7,61,2,64,7,0,0,0,0,0,0,0,0,0,0,0,0,0,0,0,0,0,0,26113057
18,1,45,7,51,7,0,0,0,0,0,0,0,0,0,0,0,0,0,0,0,0,0,0,26113095
12,7,26,7,44,7,58,7,0,0,0,0,0,0,0,0,0,0,0,0,0,0,0,0,26113578
21,7,45,7,54,7,0,0,0,0,0,0,0,0,0,0,0,0,0,0,0,0,0,0,26113875
9,1,21,7,26,7,45,7,62,7,0,0,0,0,0,0,0,0,0,0,0,0,0,0,26114803
54,7,61,2,0,0,0,0,0,0,0,0,0,0,0,0,0,0,0,0,0,0,0,0,26115362
51,7,54,7,0,0,0,0,0,0,0,0,0,0,0,0,0,0,0,0,0,0,0,0,26115758
46,7,59,7,0,0,0,0,0,0,0,0,0,0,0,0,0,0,0,0,0,0,0,0,26116024
3,1,51,7,54,7,0,0,0,0,0,0,0,0,0,0,0,0,0,0,0,0,0,0,26116245
32,1,58,5,0,0,0,0,0,0,0,0,0,0,0,0,0,0,0,0,0,0,0,0,26116852
21,7,51,7,54,2,0,0,0,0,0,0,0,0,0,0,0,0,0,0,0,0,0,0,26117492
20,7,0,0,0,0,0,0,0,0,0,0,0,0,0,0,0,0,0,0,0,0,0,0,26117547
46,7,51,7,54,7,62,7,64,7,0,0,0,0,0,0,0,0,0,0,0,0,0,0,26117708
26,7,63,7,64,7,0,0,0,0,0,0,0,0,0,0,0,0,0,0,0,0,0,0,26117773
26,7,46,7,61,7,0,0,0,0,0,0,0,0,0,0,0,0,0,0,0,0,0,0,26118074
18,7,46,7,61,2,0,0,0,0,0,0,0,0,0,0,0,0,0,0,0,0,0,0,26119267
21,7,51,7,54,2,0,0,0,0,0,0,0,0,0,0,0,0,0,0,0,0,0,0,26119573
18,7,45,7,46,7,0,0,0,0,0,0,0,0,0,0,0,0,0,0,0,0,0,0,26119978
12,7,61,7,0,0,0,0,0,0,0,0,0,0,0,0,0,0,0,0,0,0,0,0,26120261
11,7,26,7,28,7,29,7,35,7,40,7,62,7,0,0,0,0,0,0,0,0,0,0,26120795
3,7,9,1,0,0,0,0,0,0,0,0,0,0,0,0,0,0,0,0,0,0,0,0,26121152
28,2,45,7,62,7,0,0,0,0,0,0,0,0,0,0,0,0,0,0,0,0,0,0,26121807
12,7,20,7,28,7,0,0,0,0,0,0,0,0,0,0,0,0,0,0,0,0,0,0,26121817
12,7,20,7,26,7,50,1,0,0,0,0,0,0,0,0,0,0,0,0,0,0,0,0,26122294
51,7,54,2,0,0,0,0,0,0,0,0,0,0,0,0,0,0,0,0,0,0,0,0,26122341
1,7,3,7,4,7,9,7,11,7,12,7,18,7,21,7,28,7,51,7,54,7,62,7,26123438
12,7,22,7,55,1,61,7,0,0,0,0,0,0,0,0,0,0,0,0,0,0,0,0,26123462
3,7,9,2,18,7,0,0,0,0,0,0,0,0,0,0,0,0,0,0,0,0,0,0,26123541
3,7,12,7,18,7,54,7,0,0,0,0,0,0,0,0,0,0,0,0,0,0,0,0,26123672
46,7,51,7,54,7,62,7,0,0,0,0,0,0,0,0,0,0,0,0,0,0,0,0,26123755
21,7,45,7,0,0,0,0,0,0,0,0,0,0,0,0,0,0,0,0,0,0,0,0,26124008
20,7,29,7,0,0,0,0,0,0,0,0,0,0,0,0,0,0,0,0,0,0,0,0,26124119
46,7,54,7,0,0,0,0,0,0,0,0,0,0,0,0,0,0,0,0,0,0,0,0,26124545
14,7,57,7,0,0,0,0,0,0,0,0,0,0,0,0,0,0,0,0,0,0,0,0,26124685
45,7,0,0,0,0,0,0,0,0,0,0,0,0,0,0,0,0,0,0,0,0,0,0,26124987
3,7,18,7,21,7,46,7,54,7,61,7,62,7,64,7,0,0,0,0,0,0,0,0,26125119
52,7,55,7,59,7,0,0,0,0,0,0,0,0,0,0,0,0,0,0,0,0,0,0,26125253
5,7,20,7,23,7,35,7,0,0,0,0,0,0,0,0,0,0,0,0,0,0,0,0,26125306
21,7,45,7,62,7,0,0,0,0,0,0,0,0,0,0,0,0,0,0,0,0,0,0,26125577
26,7,45,2,0,0,0,0,0,0,0,0,0,0,0,0,0,0,0,0,0,0,0,0,26125771
61,2,0,0,0,0,0,0,0,0,0,0,0,0,0,0,0,0,0,0,0,0,0,0,26125893
54,2,62,7,0,0,0,0,0,0,0,0,0,0,0,0,0,0,0,0,0,0,0,0,26126084
21,7,51,7,65,7,0,0,0,0,0,0,0,0,0,0,0,0,0,0,0,0,0,0,26126128
51,7,62,7,0,0,0,0,0,0,0,0,0,0,0,0,0,0,0,0,0,0,0,0,26126287
3,7,12,7,26,7,51,7,54,7,0,0,0,0,0,0,0,0,0,0,0,0,0,0,26126491
28,7,29,7,63,2,0,0,0,0,0,0,0,0,0,0,0,0,0,0,0,0,0,0,26126573
23,7,0,0,0,0,0,0,0,0,0,0,0,0,0,0,0,0,0,0,0,0,0,0,26126824
3,7,9,2,54,7,0,0,0,0,0,0,0,0,0,0,0,0,0,0,0,0,0,0,26127155
21,7,45,7,62,7,0,0,0,0,0,0,0,0,0,0,0,0,0,0,0,0,0,0,26127493
46,7,54,7,0,0,0,0,0,0,0,0,0,0,0,0,0,0,0,0,0,0,0,0,26127768
44,7,46,7,51,7,54,7,0,0,0,0,0,0,0,0,0,0,0,0,0,0,0,0,26128161
21,7,45,7,51,7,62,7,0,0,0,0,0,0,0,0,0,0,0,0,0,0,0,0,26128193
20,7,44,7,61,7,0,0,0,0,0,0,0,0,0,0,0,0,0,0,0,0,0,0,26128315
20,2,58,1,0,0,0,0,0,0,0,0,0,0,0,0,0,0,0,0,0,0,0,0,26128663
45,7,46,7,0,0,0,0,0,0,0,0,0,0,0,0,0,0,0,0,0,0,0,0,26128687
23,7,45,7,54,2,0,0,0,0,0,0,0,0,0,0,0,0,0,0,0,0,0,0,26129468
45,7,54,2,62,7,0,0,0,0,0,0,0,0,0,0,0,0,0,0,0,0,0,0,26130059
52,2,61,7,0,0,0,0,0,0,0,0,0,0,0,0,0,0,0,0,0,0,0,0,26130300
3,7,54,7,0,0,0,0,0,0,0,0,0,0,0,0,0,0,0,0,0,0,0,0,26130808
21,7,0,0,0,0,0,0,0,0,0,0,0,0,0,0,0,0,0,0,0,0,0,0,26131855
26,7,46,7,54,7,58,7,64,7,0,0,0,0,0,0,0,0,0,0,0,0,0,0,26131981
22,1,45,7,51,7,54,7,0,0,0,0,0,0,0,0,0,0,0,0,0,0,0,0,26132251
20,7,26,7,53,7,54,7,0,0,0,0,0,0,0,0,0,0,0,0,0,0,0,0,26132375
61,2,0,0,0,0,0,0,0,0,0,0,0,0,0,0,0,0,0,0,0,0,0,0,26132478
29,2,63,7,0,0,0,0,0,0,0,0,0,0,0,0,0,0,0,0,0,0,0,0,26132895
45,7,62,1,0,0,0,0,0,0,0,0,0,0,0,0,0,0,0,0,0,0,0,0,26133463
46,7,65,7,0,0,0,0,0,0,0,0,0,0,0,0,0,0,0,0,0,0,0,0,26133797
3,7,58,7,0,0,0,0,0,0,0,0,0,0,0,0,0,0,0,0,0,0,0,0,26134201
6,7,50,7,60,7,0,0,0,0,0,0,0,0,0,0,0,0,0,0,0,0,0,0,26134264
3,7,18,2,28,7,51,7,0,0,0,0,0,0,0,0,0,0,0,0,0,0,0,0,26134882
21,7,22,7,46,7,51,7,54,7,59,7,62,2,0,0,0,0,0,0,0,0,0,0,26135050
61,7,0,0,0,0,0,0,0,0,0,0,0,0,0,0,0,0,0,0,0,0,0,0,26135832
45,7,51,2,0,0,0,0,0,0,0,0,0,0,0,0,0,0,0,0,0,0,0,0,26135972
9,2,52,7,61,7,0,0,0,0,0,0,0,0,0,0,0,0,0,0,0,0,0,0,26135973
20,1,21,7,26,7,45,7,0,0,0,0,0,0,0,0,0,0,0,0,0,0,0,0,26135999
51,7,54,7,64,7,0,0,0,0,0,0,0,0,0,0,0,0,0,0,0,0,0,0,26136258
21,7,26,7,28,7,45,7,0,0,0,0,0,0,0,0,0,0,0,0,0,0,0,0,26136266
18,7,21,2,51,7,0,0,0,0,0,0,0,0,0,0,0,0,0,0,0,0,0,0,26137902
7,7,58,7,0,0,0,0,0,0,0,0,0,0,0,0,0,0,0,0,0,0,0,0,26137906
19,7,20,7,52,7,0,0,0,0,0,0,0,0,0,0,0,0,0,0,0,0,0,0,26137979
44,7,54,7,63,7,0,0,0,0,0,0,0,0,0,0,0,0,0,0,0,0,0,0,26138695
22,7,55,7,59,7,0,0,0,0,0,0,0,0,0,0,0,0,0,0,0,0,0,0,26139374
12,7,45,7,0,0,0,0,0,0,0,0,0,0,0,0,0,0,0,0,0,0,0,0,26140056
22,7,22,7,0,0,0,0,0,0,0,0,0,0,0,0,0,0,0,0,0,0,0,0,26140135
1,7,2,7,12,7,14,7,20,7,44,2,0,0,0,0,0,0,0,0,0,0,0,0,26140777
3,2,54,7,59,7,0,0,0,0,0,0,0,0,0,0,0,0,0,0,0,0,0,0,26141087
18,7,51,7,54,7,0,0,0,0,0,0,0,0,0,0,0,0,0,0,0,0,0,0,26141334
22,7,54,7,59,7,0,0,0,0,0,0,0,0,0,0,0,0,0,0,0,0,0,0,26141547
18,7,26,7,28,1,62,7,0,0,0,0,0,0,0,0,0,0,0,0,0,0,0,0,26141673
46,7,59,7,0,0,0,0,0,0,0,0,0,0,0,0,0,0,0,0,0,0,0,0,26142101
54,7,63,7,64,7,0,0,0,0,0,0,0,0,0,0,0,0,0,0,0,0,0,0,26142288
18,7,58,7,0,0,0,0,0,0,0,0,0,0,0,0,0,0,0,0,0,0,0,0,26142519
3,7,18,7,51,7,0,0,0,0,0,0,0,0,0,0,0,0,0,0,0,0,0,0,26142988
45,7,54,2,0,0,0,0,0,0,0,0,0,0,0,0,0,0,0,0,0,0,0,0,26143376
46,7,51,7,54,7,63,7,64,7,0,0,0,0,0,0,0,0,0,0,0,0,0,0,26143549
54,2,0,0,0,0,0,0,0,0,0,0,0,0,0,0,0,0,0,0,0,0,0,0,26143792
14,7,23,7,57,7,0,0,0,0,0,0,0,0,0,0,0,0,0,0,0,0,0,0,26144267
10,1,18,7,0,0,0,0,0,0,0,0,0,0,0,0,0,0,0,0,0,0,0,0,26144270
26,7,44,7,46,7,54,7,0,0,0,0,0,0,0,0,0,0,0,0,0,0,0,0,26144344
21,7,23,2,26,7,0,0,0,0,0,0,0,0,0,0,0,0,0,0,0,0,0,0,26144655
3,7,44,7,59,6,63,7,0,0,0,0,0,0,0,0,0,0,0,0,0,0,0,0,26145035
20,2,21,7,26,7,46,7,54,7,0,0,0,0,0,0,0,0,0,0,0,0,0,0,26145072
34,2,50,7,0,0,0,0,0,0,0,0,0,0,0,0,0,0,0,0,0,0,0,0,26145964
44,7,51,7,54,7,58,7,0,0,0,0,0,0,0,0,0,0,0,0,0,0,0,0,26146046
22,7,46,7,59,7,0,0,0,0,0,0,0,0,0,0,0,0,0,0,0,0,0,0,26146327
54,2,57,1,0,0,0,0,0,0,0,0,0,0,0,0,0,0,0,0,0,0,0,0,26146368
21,7,45,7,54,7,62,7,0,0,0,0,0,0,0,0,0,0,0,0,0,0,0,0,26147515
3,7,9,7,51,7,0,0,0,0,0,0,0,0,0,0,0,0,0,0,0,0,0,0,26147540
44,2,58,7,0,0,0,0,0,0,0,0,0,0,0,0,0,0,0,0,0,0,0,0,26148033
12,7,20,7,21,7,26,7,45,7,51,7,54,7,62,7,0,0,0,0,0,0,0,0,26148579
2,7,29,7,0,0,0,0,0,0,0,0,0,0,0,0,0,0,0,0,0,0,0,0,26148685
26,7,63,7,64,7,0,0,0,0,0,0,0,0,0,0,0,0,0,0,0,0,0,0,26148708
8,7,52,7,61,7,0,0,0,0,0,0,0,0,0,0,0,0,0,0,0,0,0,0,26149449
10,2,52,7,0,0,0,0,0,0,0,0,0,0,0,0,0,0,0,0,0,0,0,0,26150733
3,7,9,7,54,7,0,0,0,0,0,0,0,0,0,0,0,0,0,0,0,0,0,0,26150845
2,2,29,7,44,7,0,0,0,0,0,0,0,0,0,0,0,0,0,0,0,0,0,0,26150984
20,7,25,7,0,0,0,0,0,0,0,0,0,0,0,0,0,0,0,0,0,0,0,0,26151633
26,7,28,2,45,7,0,0,0,0,0,0,0,0,0,0,0,0,0,0,0,0,0,0,26151773
51,7,62,7,64,7,65,7,0,0,0,0,0,0,0,0,0,0,0,0,0,0,0,0,26151794
21,2,28,7,41,7,58,7,62,7,0,0,0,0,0,0,0,0,0,0,0,0,0,0,26152100
4,2,46,7,59,7,0,0,0,0,0,0,0,0,0,0,0,0,0,0,0,0,0,0,26152161
26,7,58,7,0,0,0,0,0,0,0,0,0,0,0,0,0,0,0,0,0,0,0,0,26152487
20,1,0,0,0,0,0,0,0,0,0,0,0,0,0,0,0,0,0,0,0,0,0,0,26152954
61,7,62,7,64,7,0,0,0,0,0,0,0,0,0,0,0,0,0,0,0,0,0,0,26153736
12,7,61,7,0,0,0,0,0,0,0,0,0,0,0,0,0,0,0,0,0,0,0,0,26153789
21,7,26,7,44,7,45,7,46,7,62,7,0,0,0,0,0,0,0,0,0,0,0,0,26154038
12,7,28,7,61,7,0,0,0,0,0,0,0,0,0,0,0,0,0,0,0,0,0,0,26154406
45,7,46,1,51,7,0,0,0,0,0,0,0,0,0,0,0,0,0,0,0,0,0,0,26163453
26,7,46,7,0,0,0,0,0,0,0,0,0,0,0,0,0,0,0,0,0,0,0,0,26169931
62,1,0,0,0,0,0,0,0,0,0,0,0,0,0,0,0,0,0,0,0,0,0,0,26171419
21,7,26,7,28,1,45,7,54,7,62,7,0,0,0,0,0,0,0,0,0,0,0,0,26174731
26,7,44,1,58,7,64,7,0,0,0,0,0,0,0,0,0,0,0,0,0,0,0,0,26176696
22,7,44,7,58,7,0,0,0,0,0,0,0,0,0,0,0,0,0,0,0,0,0,0,26181104
18,7,54,2,0,0,0,0,0,0,0,0,0,0,0,0,0,0,0,0,0,0,0,0,26182297
11,1,20,7,52,7,61,7,0,0,0,0,0,0,0,0,0,0,0,0,0,0,0,0,26187735
20,1,26,7,51,7,54,7,62,7,64,7,0,0,0,0,0,0,0,0,0,0,0,0,26187899
22,2,0,0,0,0,0,0,0,0,0,0,0,0,0,0,0,0,0,0,0,0,0,0,26190849
25,1,45,7,46,7,62,7,0,0,0,0,0,0,0,0,0,0,0,0,0,0,0,0,26200754
28,7,45,7,51,7,52,7,54,7,62,7,63,7,64,7,0,0,0,0,0,0,0,0,26202142
28,7,45,7,62,7,0,0,0,0,0,0,0,0,0,0,0,0,0,0,0,0,0,0,26203999
13,1,0,0,0,0,0,0,0,0,0,0,0,0,0,0,0,0,0,0,0,0,0,0,26204464
26,7,44,7,0,0,0,0,0,0,0,0,0,0,0,0,0,0,0,0,0,0,0,0,26210168
54,7,58,7,0,0,0,0,0,0,0,0,0,0,0,0,0,0,0,0,0,0,0,0,26217707
26,7,46,7,54,7,0,0,0,0,0,0,0,0,0,0,0,0,0,0,0,0,0,0,26219969
62,2,63,7,0,0,0,0,0,0,0,0,0,0,0,0,0,0,0,0,0,0,0,0,26221269
18,7,28,1,0,0,0,0,0,0,0,0,0,0,0,0,0,0,0,0,0,0,0,0,26222343
16,1,0,0,0,0,0,0,0,0,0,0,0,0,0,0,0,0,0,0,0,0,0,0,26236296
20,7,21,7,22,7,54,7,62,7,0,0,0,0,0,0,0,0,0,0,0,0,0,0,26242148
12,7,52,1,61,7,0,0,0,0,0,0,0,0,0,0,0,0,0,0,0,0,0,0,26250446
9,7,10,1,12,7,22,7,46,7,54,7,61,7,0,0,0,0,0,0,0,0,0,0,26252110
46,7,51,7,58,7,59,7,0,0,0,0,0,0,0,0,0,0,0,0,0,0,0,0,26252976
3,7,12,7,23,7,44,7,0,0,0,0,0,0,0,0,0,0,0,0,0,0,0,0,26253834
46,7,51,7,54,2,0,0,0,0,0,0,0,0,0,0,0,0,0,0,0,0,0,0,26253849
26,7,44,7,62,7,64,7,0,0,0,0,0,0,0,0,0,0,0,0,0,0,0,0,26254667
46,7,62,2,0,0,0,0,0,0,0,0,0,0,0,0,0,0,0,0,0,0,0,0,26254991
54,7,62,7,63,7,0,0,0,0,0,0,0,0,0,0,0,0,0,0,0,0,0,0,26255211
46,7,63,7,0,0,0,0,0,0,0,0,0,0,0,0,0,0,0,0,0,0,0,0,26255491
26,1,54,7,0,0,0,0,0,0,0,0,0,0,0,0,0,0,0,0,0,0,0,0,26256764
3,7,12,7,18,7,45,7,54,7,0,0,0,0,0,0,0,0,0,0,0,0,0,0,26257380
46,7,54,7,59,7,0,0,0,0,0,0,0,0,0,0,0,0,0,0,0,0,0,0,26257431
20,1,52,7,0,0,0,0,0,0,0,0,0,0,0,0,0,0,0,0,0,0,0,0,26257605
22,7,55,7,59,2,0,0,0,0,0,0,0,0,0,0,0,0,0,0,0,0,0,0,26257887
21,7,56,1,62,7,64,7,0,0,0,0,0,0,0,0,0,0,0,0,0,0,0,0,26258728
12,7,61,2,0,0,0,0,0,0,0,0,0,0,0,0,0,0,0,0,0,0,0,0,26259971
20,7,22,7,44,1,0,0,0,0,0,0,0,0,0,0,0,0,0,0,0,0,0,0,26260252
3,2,44,7,54,7,0,0,0,0,0,0,0,0,0,0,0,0,0,0,0,0,0,0,26260317
12,7,45,2,51,7,0,0,0,0,0,0,0,0,0,0,0,0,0,0,0,0,0,0,26260803
3,7,9,7,26,7,0,0,0,0,0,0,0,0,0,0,0,0,0,0,0,0,0,0,26260871
13,7,21,7,26,7,41,1,45,7,51,7,57,7,62,7,63,7,0,0,0,0,0,0,26276060
1,2,4,7,0,0,0,0,0,0,0,0,0,0,0,0,0,0,0,0,0,0,0,0,26276697
22,7,46,7,59,7,0,0,0,0,0,0,0,0,0,0,0,0,0,0,0,0,0,0,26276978
33,6,43,7,0,0,0,0,0,0,0,0,0,0,0,0,0,0,0,0,0,0,0,0,26277232
22,7,26,7,28,6,59,7,0,0,0,0,0,0,0,0,0,0,0,0,0,0,0,0,26277869
29,1,62,7,0,0,0,0,0,0,0,0,0,0,0,0,0,0,0,0,0,0,0,0,26277939
61,7,0,0,0,0,0,0,0,0,0,0,0,0,0,0,0,0,0,0,0,0,0,0,26278398
1,1,58,2,0,0,0,0,0,0,0,0,0,0,0,0,0,0,0,0,0,0,0,0,26278514
61,7,0,0,0,0,0,0,0,0,0,0,0,0,0,0,0,0,0,0,0,0,0,0,26278648
45,7,46,7,51,7,54,7,0,0,0,0,0,0,0,0,0,0,0,0,0,0,0,0,26278739
18,7,45,7,51,7,54,7,62,7,64,7,0,0,0,0,0,0,0,0,0,0,0,0,26278885
45,7,62,7,0,0,0,0,0,0,0,0,0,0,0,0,0,0,0,0,0,0,0,0,26279405
12,1,51,7,54,2,0,0,0,0,0,0,0,0,0,0,0,0,0,0,0,0,0,0,26279822
61,7,0,0,0,0,0,0,0,0,0,0,0,0,0,0,0,0,0,0,0,0,0,0,26280845
26,7,28,7,45,7,51,7,62,7,65,7,65,7,0,0,0,0,0,0,0,0,0,0,26281232
21,1,45,7,0,0,0,0,0,0,0,0,0,0,0,0,0,0,0,0,0,0,0,0,26282840
21,7,28,7,45,7,51,7,64,7,0,0,0,0,0,0,0,0,0,0,0,0,0,0,26283372
4,7,12,7,20,7,0,0,0,0,0,0,0,0,0,0,0,0,0,0,0,0,0,0,26283976
45,7,62,7,0,0,0,0,0,0,0,0,0,0,0,0,0,0,0,0,0,0,0,0,26284012
18,1,45,7,0,0,0,0,0,0,0,0,0,0,0,0,0,0,0,0,0,0,0,0,26284623
22,2,22,2,42,1,0,0,0,0,0,0,0,0,0,0,0,0,0,0,0,0,0,0,26284727
3,7,4,7,42,7,49,7,54,7,63,7,0,0,0,0,0,0,0,0,0,0,0,0,26284738
20,7,46,7,0,0,0,0,0,0,0,0,0,0,0,0,0,0,0,0,0,0,0,0,26284869
46,7,59,7,0,0,0,0,0,0,0,0,0,0,0,0,0,0,0,0,0,0,0,0,26285208
21,7,45,7,51,7,54,7,62,7,0,0,0,0,0,0,0,0,0,0,0,0,0,0,26285745
51,7,62,1,0,0,0,0,0,0,0,0,0,0,0,0,0,0,0,0,0,0,0,0,26286265
12,1,45,7,0,0,0,0,0,0,0,0,0,0,0,0,0,0,0,0,0,0,0,0,26286955
21,7,26,7,45,7,62,7,0,0,0,0,0,0,0,0,0,0,0,0,0,0,0,0,26287056
3,7,12,7,26,7,51,7,54,7,59,7,62,7,63,7,64,7,0,0,0,0,0,0,26287149
26,7,56,1,58,7,0,0,0,0,0,0,0,0,0,0,0,0,0,0,0,0,0,0,26287942
45,2,54,7,0,0,0,0,0,0,0,0,0,0,0,0,0,0,0,0,0,0,0,0,26287981
45,7,51,7,0,0,0,0,0,0,0,0,0,0,0,0,0,0,0,0,0,0,0,0,26288336
21,7,46,7,51,7,54,7,55,5,0,0,0,0,0,0,0,0,0,0,0,0,0,0,26288553
21,7,22,7,22,7,45,7,62,7,63,7,0,0,0,0,0,0,0,0,0,0,0,0,26289148
22,1,59,7,0,0,0,0,0,0,0,0,0,0,0,0,0,0,0,0,0,0,0,0,26289224
20,1,22,7,26,7,64,7,0,0,0,0,0,0,0,0,0,0,0,0,0,0,0,0,26289400
21,1,45,7,0,0,0,0,0,0,0,0,0,0,0,0,0,0,0,0,0,0,0,0,26289790
3,2,16,1,0,0,0,0,0,0,0,0,0,0,0,0,0,0,0,0,0,0,0,0,26290615
12,7,61,7,62,7,0,0,0,0,0,0,0,0,0,0,0,0,0,0,0,0,0,0,26290657
45,7,62,7,0,0,0,0,0,0,0,0,0,0,0,0,0,0,0,0,0,0,0,0,26290900
3,1,59,2,0,0,0,0,0,0,0,0,0,0,0,0,0,0,0,0,0,0,0,0,26291001
26,1,45,7,62,7,0,0,0,0,0,0,0,0,0,0,0,0,0,0,0,0,0,0,26291250
18,7,21,7,26,7,45,7,51,7,62,7,64,7,0,0,0,0,0,0,0,0,0,0,26291265
18,7,0,0,0,0,0,0,0,0,0,0,0,0,0,0,0,0,0,0,0,0,0,0,26291627
21,7,26,7,0,0,0,0,0,0,0,0,0,0,0,0,0,0,0,0,0,0,0,0,26291798
20,1,61,7,0,0,0,0,0,0,0,0,0,0,0,0,0,0,0,0,0,0,0,0,26291915
21,7,38,7,0,0,0,0,0,0,0,0,0,0,0,0,0,0,0,0,0,0,0,0,26291956
21,7,26,7,45,7,54,7,0,0,0,0,0,0,0,0,0,0,0,0,0,0,0,0,26292382
12,1,21,7,0,0,0,0,0,0,0,0,0,0,0,0,0,0,0,0,0,0,0,0,26292754
12,7,28,7,51,7,54,2,64,7,0,0,0,0,0,0,0,0,0,0,0,0,0,0,26293943
20,1,62,7,0,0,0,0,0,0,0,0,0,0,0,0,0,0,0,0,0,0,0,0,26295885
4,7,16,6,33,1,0,0,0,0,0,0,0,0,0,0,0,0,0,0,0,0,0,0,26297053
26,7,46,7,0,0,0,0,0,0,0,0,0,0,0,0,0,0,0,0,0,0,0,0,26297513
45,7,51,7,59,7,61,7,62,7,63,7,0,0,0,0,0,0,0,0,0,0,0,0,26297656
51,7,54,7,0,0,0,0,0,0,0,0,0,0,0,0,0,0,0,0,0,0,0,0,26297940
44,7,45,7,54,7,64,7,0,0,0,0,0,0,0,0,0,0,0,0,0,0,0,0,26298122
21,7,28,7,45,7,51,7,54,7,0,0,0,0,0,0,0,0,0,0,0,0,0,0,26298311
46,7,54,7,59,7,0,0,0,0,0,0,0,0,0,0,0,0,0,0,0,0,0,0,26298367
41,1,45,7,61,7,0,0,0,0,0,0,0,0,0,0,0,0,0,0,0,0,0,0,26298683
8,7,52,7,0,0,0,0,0,0,0,0,0,0,0,0,0,0,0,0,0,0,0,0,26299093
20,1,22,7,26,7,64,7,0,0,0,0,0,0,0,0,0,0,0,0,0,0,0,0,26299147
20,7,45,7,62,7,63,7,0,0,0,0,0,0,0,0,0,0,0,0,0,0,0,0,26299773
3,7,22,7,51,7,54,7,0,0,0,0,0,0,0,0,0,0,0,0,0,0,0,0,26300358
50,2,0,0,0,0,0,0,0,0,0,0,0,0,0,0,0,0,0,0,0,0,0,0,26300521
21,7,45,7,51,7,62,7,63,1,0,0,0,0,0,0,0,0,0,0,0,0,0,0,26300782
22,7,46,7,54,2,0,0,0,0,0,0,0,0,0,0,0,0,0,0,0,0,0,0,26300959
45,7,51,7,54,7,0,0,0,0,0,0,0,0,0,0,0,0,0,0,0,0,0,0,26301198
12,7,20,1,45,7,0,0,0,0,0,0,0,0,0,0,0,0,0,0,0,0,0,0,26302962
22,1,45,7,0,0,0,0,0,0,0,0,0,0,0,0,0,0,0,0,0,0,0,0,26302988
21,2,46,7,54,7,63,7,0,0,0,0,0,0,0,0,0,0,0,0,0,0,0,0,26311719
20,7,0,0,0,0,0,0,0,0,0,0,0,0,0,0,0,0,0,0,0,0,0,0,26312184
3,7,18,7,51,7,54,7,0,0,0,0,0,0,0,0,0,0,0,0,0,0,0,0,26312495
45,7,65,7,0,0,0,0,0,0,0,0,0,0,0,0,0,0,0,0,0,0,0,0,26314970
21,7,26,7,28,1,44,7,45,7,62,7,0,0,0,0,0,0,0,0,0,0,0,0,26315415
52,7,61,7,0,0,0,0,0,0,0,0,0,0,0,0,0,0,0,0,0,0,0,0,26315555
13,7,44,2,0,0,0,0,0,0,0,0,0,0,0,0,0,0,0,0,0,0,0,0,26316123
3,2,63,7,0,0,0,0,0,0,0,0,0,0,0,0,0,0,0,0,0,0,0,0,26316581
3,2,9,7,0,0,0,0,0,0,0,0,0,0,0,0,0,0,0,0,0,0,0,0,26319149
9,7,18,7,21,7,45,7,46,7,51,7,0,0,0,0,0,0,0,0,0,0,0,0,26319858
12,2,21,7,45,7,51,7,54,7,62,7,0,0,0,0,0,0,0,0,0,0,0,0,26320458
45,7,54,7,62,7,0,0,0,0,0,0,0,0,0,0,0,0,0,0,0,0,0,0,26321306
9,7,12,7,45,7,54,7,0,0,0,0,0,0,0,0,0,0,0,0,0,0,0,0,26323236
20,7,21,7,22,7,62,7,0,0,0,0,0,0,0,0,0,0,0,0,0,0,0,0,26326947
11,7,20,7,0,0,0,0,0,0,0,0,0,0,0,0,0,0,0,0,0,0,0,0,26327823
18,7,26,7,40,7,45,7,46,7,51,7,62,7,0,0,0,0,0,0,0,0,0,0,26328110
20,7,21,7,22,7,62,7,0,0,0,0,0,0,0,0,0,0,0,0,0,0,0,0,26328359
40,7,46,7,55,7,59,7,0,0,0,0,0,0,0,0,0,0,0,0,0,0,0,0,26331565
21,7,51,7,54,7,0,0,0,0,0,0,0,0,0,0,0,0,0,0,0,0,0,0,26332015
45,7,64,2,0,0,0,0,0,0,0,0,0,0,0,0,0,0,0,0,0,0,0,0,26332727
51,7,64,7,0,0,0,0,0,0,0,0,0,0,0,0,0,0,0,0,0,0,0,0,26333276
21,7,65,7,0,0,0,0,0,0,0,0,0,0,0,0,0,0,0,0,0,0,0,0,26334139
20,7,26,7,28,7,45,7,46,7,0,0,0,0,0,0,0,0,0,0,0,0,0,0,26334460
62,7,0,0,0,0,0,0,0,0,0,0,0,0,0,0,0,0,0,0,0,0,0,0,26335290
21,7,0,0,0,0,0,0,0,0,0,0,0,0,0,0,0,0,0,0,0,0,0,0,26335915
12,7,20,2,54,7,0,0,0,0,0,0,0,0,0,0,0,0,0,0,0,0,0,0,26337842
40,7,53,7,58,7,0,0,0,0,0,0,0,0,0,0,0,0,0,0,0,0,0,0,26338794
21,2,54,7,0,0,0,0,0,0,0,0,0,0,0,0,0,0,0,0,0,0,0,0,26340561
12,7,20,7,28,7,54,7,55,7,59,7,0,0,0,0,0,0,0,0,0,0,0,0,26340671
20,1,58,7,62,7,0,0,0,0,0,0,0,0,0,0,0,0,0,0,0,0,0,0,26341621
21,7,44,7,0,0,0,0,0,0,0,0,0,0,0,0,0,0,0,0,0,0,0,0,26344748
41,7,65,7,0,0,0,0,0,0,0,0,0,0,0,0,0,0,0,0,0,0,0,0,26344913
12,7,20,7,38,1,52,7,54,7,0,0,0,0,0,0,0,0,0,0,0,0,0,0,26345096
61,7,0,0,0,0,0,0,0,0,0,0,0,0,0,0,0,0,0,0,0,0,0,0,26345606
18,7,46,7,51,7,54,7,0,0,0,0,0,0,0,0,0,0,0,0,0,0,0,0,26347684
21,7,45,7,54,7,62,7,0,0,0,0,0,0,0,0,0,0,0,0,0,0,0,0,26348309
40,7,58,2,59,7,0,0,0,0,0,0,0,0,0,0,0,0,0,0,0,0,0,0,26349022
26,7,44,7,54,7,0,0,0,0,0,0,0,0,0,0,0,0,0,0,0,0,0,0,26349328
51,7,64,2,0,0,0,0,0,0,0,0,0,0,0,0,0,0,0,0,0,0,0,0,26356876
46,7,59,7,0,0,0,0,0,0,0,0,0,0,0,0,0,0,0,0,0,0,0,0,26357139
22,7,46,7,59,7,0,0,0,0,0,0,0,0,0,0,0,0,0,0,0,0,0,0,26358354
61,2,0,0,0,0,0,0,0,0,0,0,0,0,0,0,0,0,0,0,0,0,0,0,26358961
21,7,23,7,26,7,62,7,0,0,0,0,0,0,0,0,0,0,0,0,0,0,0,0,26359276
12,7,20,7,0,0,0,0,0,0,0,0,0,0,0,0,0,0,0,0,0,0,0,0,26359828
21,7,45,7,51,7,62,7,0,0,0,0,0,0,0,0,0,0,0,0,0,0,0,0,26360965
21,7,26,7,0,0,0,0,0,0,0,0,0,0,0,0,0,0,0,0,0,0,0,0,26363252
41,7,49,7,0,0,0,0,0,0,0,0,0,0,0,0,0,0,0,0,0,0,0,0,26365018
22,7,46,7,59,5,0,0,0,0,0,0,0,0,0,0,0,0,0,0,0,0,0,0,26365131
3,7,9,7,18,7,0,0,0,0,0,0,0,0,0,0,0,0,0,0,0,0,0,0,26370804
21,7,26,7,45,7,46,7,51,7,54,7,55,7,62,7,64,7,0,0,0,0,0,0,26376003
4,1,28,7,45,7,54,7,62,7,0,0,0,0,0,0,0,0,0,0,0,0,0,0,26377343
20,1,21,7,54,7,59,7,62,7,0,0,0,0,0,0,0,0,0,0,0,0,0,0,26528177
46,7,65,7,0,0,0,0,0,0,0,0,0,0,0,0,0,0,0,0,0,0,0,0,26532351
18,7,45,7,61,7,0,0,0,0,0,0,0,0,0,0,0,0,0,0,0,0,0,0,26534482
26,7,40,7,46,7,59,7,0,0,0,0,0,0,0,0,0,0,0,0,0,0,0,0,26534888
11,1,24,7,52,7,61,7,0,0,0,0,0,0,0,0,0,0,0,0,0,0,0,0,26544409
26,7,46,7,54,7,55,7,58,7,64,7,0,0,0,0,0,0,0,0,0,0,0,0,26546233
45,7,54,7,62,7,0,0,0,0,0,0,0,0,0,0,0,0,0,0,0,0,0,0,26547651
23,7,41,7,0,0,0,0,0,0,0,0,0,0,0,0,0,0,0,0,0,0,0,0,26549912
21,1,45,7,49,7,62,7,0,0,0,0,0,0,0,0,0,0,0,0,0,0,0,0,26553401
23,7,26,7,37,7,0,0,0,0,0,0,0,0,0,0,0,0,0,0,0,0,0,0,26555165
21,1,54,7,0,0,0,0,0,0,0,0,0,0,0,0,0,0,0,0,0,0,0,0,26562914
21,7,54,7,62,7,0,0,0,0,0,0,0,0,0,0,0,0,0,0,0,0,0,0,26563165
3,7,21,7,45,7,46,7,51,7,54,7,59,7,62,7,0,0,0,0,0,0,0,0,26565981
4,7,9,7,18,7,51,7,54,7,0,0,0,0,0,0,0,0,0,0,0,0,0,0,26572182
45,7,51,7,64,7,0,0,0,0,0,0,0,0,0,0,0,0,0,0,0,0,0,0,26579277
21,7,51,7,65,7,0,0,0,0,0,0,0,0,0,0,0,0,0,0,0,0,0,0,26611408
12,1,18,7,46,7,51,7,0,0,0,0,0,0,0,0,0,0,0,0,0,0,0,0,26645133
21,7,22,7,28,7,45,7,46,7,62,7,0,0,0,0,0,0,0,0,0,0,0,0,26650482
22,7,61,7,0,0,0,0,0,0,0,0,0,0,0,0,0,0,0,0,0,0,0,0,26729178
55,7,64,7,0,0,0,0,0,0,0,0,0,0,0,0,0,0,0,0,0,0,0,0,26740905
21,7,45,7,46,7,54,7,62,7,0,0,0,0,0,0,0,0,0,0,0,0,0,0,26768039
46,7,62,7,0,0,0,0,0,0,0,0,0,0,0,0,0,0,0,0,0,0,0,0,26797618
3,7,9,7,12,7,0,0,0,0,0,0,0,0,0,0,0,0,0,0,0,0,0,0,26798100
1,7,2,7,20,7,0,0,0,0,0,0,0,0,0,0,0,0,0,0,0,0,0,0,26820383
3,7,65,7,0,0,0,0,0,0,0,0,0,0,0,0,0,0,0,0,0,0,0,0,26821265
46,7,59,5,0,0,0,0,0,0,0,0,0,0,0,0,0,0,0,0,0,0,0,0,26910612
29,7,39,7,0,0,0,0,0,0,0,0,0,0,0,0,0,0,0,0,0,0,0,0,26912549
2,1,20,7,0,0,0,0,0,0,0,0,0,0,0,0,0,0,0,0,0,0,0,0,26929584
4,1,46,7,0,0,0,0,0,0,0,0,0,0,0,0,0,0,0,0,0,0,0,0,26950450
